2.000000000000000000e+00 -4.002506699412714752e+00 2.698970004336018746e+00
2.009999999999999787e+00 -3.992506694623357610e+00 2.698970004336018746e+00
2.019999999999999574e+00 -3.982506689834001357e+00 2.698970004336018746e+00
2.029999999999999361e+00 -3.972506684818923883e+00 2.698970004336018746e+00
2.039999999999999147e+00 -3.962506679803848186e+00 2.698970004336018746e+00
2.049999999999998934e+00 -3.952506674552414889e+00 2.698970004336018746e+00
2.059999999999998721e+00 -3.942506669300982480e+00 2.698970004336018746e+00
2.069999999999998508e+00 -3.932506663802051605e+00 2.698970004336018746e+00
2.079999999999998295e+00 -3.922506658303122062e+00 2.698970004336018746e+00
2.089999999999998082e+00 -3.912506652545031383e+00 2.698970004336018746e+00
2.099999999999997868e+00 -3.902506646786940259e+00 2.698970004336018746e+00
2.109999999999997655e+00 -3.892506640757473768e+00 2.698970004336018746e+00
2.119999999999997442e+00 -3.882506634728007278e+00 2.698970004336018746e+00
2.129999999999997229e+00 -3.872506628414374763e+00 2.698970004336018746e+00
2.139999999999997016e+00 -3.862506622100743137e+00 2.698970004336018746e+00
2.149999999999996803e+00 -3.852506615489553088e+00 2.698970004336018746e+00
2.159999999999996589e+00 -3.842506608878362151e+00 2.698970004336018746e+00
2.169999999999996376e+00 -3.832506601955589343e+00 2.698970004336018746e+00
2.179999999999996163e+00 -3.822506595032816978e+00 2.698970004336018746e+00
2.189999999999995950e+00 -3.812506587783775824e+00 2.698970004336018746e+00
2.199999999999995737e+00 -3.802506580534736003e+00 2.698970004336018746e+00
2.209999999999995524e+00 -3.792506572944050358e+00 2.698970004336018746e+00
2.219999999999995310e+00 -3.782506565353364714e+00 2.698970004336018746e+00
2.229999999999995097e+00 -3.772506557404932348e+00 2.698970004336018746e+00
2.239999999999994884e+00 -3.762506549456500871e+00 2.698970004336018746e+00
2.249999999999994671e+00 -3.752506541133459717e+00 2.698970004336018746e+00
2.259999999999994458e+00 -3.742506532810420783e+00 2.698970004336018746e+00
2.269999999999994245e+00 -3.732506524095117850e+00 2.698970004336018746e+00
2.279999999999994031e+00 -3.722506515379814918e+00 2.698970004336018746e+00
2.289999999999993818e+00 -3.712506506253760552e+00 2.698970004336018746e+00
2.299999999999993605e+00 -3.702506497127707075e+00 2.698970004336018746e+00
2.309999999999993392e+00 -3.692506487571542539e+00 2.698970004336018746e+00
2.319999999999993179e+00 -3.682506478015378892e+00 2.698970004336018746e+00
2.329999999999992966e+00 -3.672506468008831515e+00 2.698970004336018746e+00
2.339999999999992752e+00 -3.662506458002285914e+00 2.698970004336018746e+00
2.349999999999992539e+00 -3.652506447524129118e+00 2.698970004336018746e+00
2.359999999999992326e+00 -3.642506437045974543e+00 2.698970004336018746e+00
2.369999999999992113e+00 -3.632506426073981221e+00 2.698970004336018746e+00
2.379999999999991900e+00 -3.622506415101990118e+00 2.698970004336018746e+00
2.389999999999991687e+00 -3.612506403612883332e+00 2.698970004336018746e+00
2.399999999999991473e+00 -3.602506392123780099e+00 2.698970004336018746e+00
2.409999999999991260e+00 -3.592506380093189122e+00 2.698970004336018746e+00
2.419999999999991047e+00 -3.582506368062600366e+00 2.698970004336018746e+00
2.429999999999990834e+00 -3.572506355465003391e+00 2.698970004336018746e+00
2.439999999999990621e+00 -3.562506342867407749e+00 2.698970004336018746e+00
2.449999999999990408e+00 -3.552506329676079933e+00 2.698970004336018746e+00
2.459999999999990195e+00 -3.542506316484755224e+00 2.698970004336018746e+00
2.469999999999989981e+00 -3.532506302671711396e+00 2.698970004336018746e+00
2.479999999999989768e+00 -3.522506288858672452e+00 2.698970004336018746e+00
2.489999999999989555e+00 -3.512506274394612049e+00 2.698970004336018746e+00
2.499999999999989342e+00 -3.502506259930554755e+00 2.698970004336018746e+00
2.509999999999989129e+00 -3.492506244784792546e+00 2.698970004336018746e+00
2.519999999999988916e+00 -3.482506229639034334e+00 2.698970004336018746e+00
2.529999999999988702e+00 -3.472506213779438689e+00 2.698970004336018746e+00
2.539999999999988489e+00 -3.462506197919847928e+00 2.698970004336018746e+00
2.549999999999988276e+00 -3.452506181312774647e+00 2.698970004336018746e+00
2.559999999999988063e+00 -3.442506164705705807e+00 2.698970004336018746e+00
2.569999999999987850e+00 -3.432506147315923517e+00 2.698970004336018746e+00
2.579999999999987637e+00 -3.422506129926146112e+00 2.698970004336018746e+00
2.589999999999987423e+00 -3.412506111716762103e+00 2.698970004336018746e+00
2.599999999999987210e+00 -3.402506093507384310e+00 2.698970004336018746e+00
2.609999999999986997e+00 -3.392506074439768149e+00 2.698970004336018746e+00
2.619999999999986784e+00 -3.382506055372158649e+00 2.698970004336018746e+00
2.629999999999986571e+00 -3.372506035405858693e+00 2.698970004336018746e+00
2.639999999999986358e+00 -3.362506015439564955e+00 2.698970004336018746e+00
2.649999999999986144e+00 -3.352505994532220868e+00 2.698970004336018746e+00
2.659999999999985931e+00 -3.342505973624884330e+00 2.698970004336018746e+00
2.669999999999985718e+00 -3.332505951732141369e+00 2.698970004336018746e+00
2.679999999999985505e+00 -3.322505929839405958e+00 2.698970004336018746e+00
2.689999999999985292e+00 -3.312505906914816389e+00 2.698970004336018746e+00
2.699999999999985079e+00 -3.302505883990236146e+00 2.698970004336018746e+00
2.709999999999984865e+00 -3.292505859985164207e+00 2.698970004336018746e+00
2.719999999999984652e+00 -3.282505835980101150e+00 2.698970004336018746e+00
2.729999999999984439e+00 -3.272505810843616914e+00 2.698970004336018746e+00
2.739999999999984226e+00 -3.262505785707143335e+00 2.698970004336018746e+00
2.749999999999984013e+00 -3.252505759385917017e+00 2.698970004336018746e+00
2.759999999999983800e+00 -3.242505733064702689e+00 2.698970004336018746e+00
2.769999999999983586e+00 -3.232505705502889626e+00 2.698970004336018746e+00
2.779999999999983373e+00 -3.222505677941089441e+00 2.698970004336018746e+00
2.789999999999983160e+00 -3.212505649080212411e+00 2.698970004336018746e+00
2.799999999999982947e+00 -3.202505620219350035e+00 2.698970004336018746e+00
2.809999999999982734e+00 -3.192505589998174464e+00 2.698970004336018746e+00
2.819999999999982521e+00 -3.182505559777015325e+00 2.698970004336018746e+00
2.829999999999982307e+00 -3.172505528131420505e+00 2.698970004336018746e+00
2.839999999999982094e+00 -3.162505496485843448e+00 2.698970004336018746e+00
2.849999999999981881e+00 -3.152505463348685755e+00 2.698970004336018746e+00
2.859999999999981668e+00 -3.142505430211548045e+00 2.698970004336018746e+00
2.869999999999981455e+00 -3.132505395512516166e+00 2.698970004336018746e+00
2.879999999999981242e+00 -3.122505360813506048e+00 2.698970004336018746e+00
2.889999999999981029e+00 -3.112505324478976210e+00 2.698970004336018746e+00
2.899999999999980815e+00 -3.102505288144470352e+00 2.698970004336018746e+00
2.909999999999980602e+00 -3.092505250097346003e+00 2.698970004336018746e+00
2.919999999999980389e+00 -3.082505212050246968e+00 2.698970004336018746e+00
2.929999999999980176e+00 -3.072505172209796243e+00 2.698970004336018746e+00
2.939999999999979963e+00 -3.062505132369373939e+00 2.698970004336018746e+00
2.949999999999979750e+00 -3.052505090651059128e+00 2.698970004336018746e+00
2.959999999999979536e+00 -3.042505048932774514e+00 2.698970004336018746e+00
2.969999999999979323e+00 -3.032505005248070429e+00 2.698970004336018746e+00
2.979999999999979110e+00 -3.022504961563400538e+00 2.698970004336018746e+00
2.989999999999978897e+00 -3.012504915819609774e+00 2.698970004336018746e+00
2.999999999999978684e+00 -3.002504870075855425e+00 2.698970004336018746e+00
3.009999999999978471e+00 -2.992504822175907186e+00 2.698970004336018746e+00
3.019999999999978257e+00 -2.982504774275999804e+00 2.698970004336018746e+00
3.029999999999978044e+00 -2.972504724118247399e+00 2.698970004336018746e+00
3.039999999999977831e+00 -2.962504673960539403e+00 2.698970004336018746e+00
3.049999999999977618e+00 -2.952504621438541310e+00 2.698970004336018746e+00
3.059999999999977405e+00 -2.942504568916592955e+00 2.698970004336018746e+00
3.069999999999977192e+00 -2.932504513918889444e+00 2.698970004336018746e+00
3.079999999999976978e+00 -2.922504458921239223e+00 2.698970004336018746e+00
3.089999999999976765e+00 -2.912504401331112991e+00 2.698970004336018746e+00
3.099999999999976552e+00 -2.902504343741046711e+00 2.698970004336018746e+00
3.109999999999976339e+00 -2.892504283436276413e+00 2.698970004336018746e+00
3.119999999999976126e+00 -2.882504223131570953e+00 2.698970004336018746e+00
3.129999999999975913e+00 -2.872504159984170524e+00 2.698970004336018746e+00
3.139999999999975699e+00 -2.862504096836841594e+00 2.698970004336018746e+00
3.149999999999975486e+00 -2.852504030712788463e+00 2.698970004336018746e+00
3.159999999999975273e+00 -2.842503964588813048e+00 2.698970004336018746e+00
3.169999999999975060e+00 -2.832503895347764367e+00 2.698970004336018746e+00
3.179999999999974847e+00 -2.822503826106800062e+00 2.698970004336018746e+00
3.189999999999974634e+00 -2.812503753601790280e+00 2.698970004336018746e+00
3.199999999999974420e+00 -2.802503681096874644e+00 2.698970004336018746e+00
3.209999999999974207e+00 -2.792503605174008197e+00 2.698970004336018746e+00
3.219999999999973994e+00 -2.782503529251244334e+00 2.698970004336018746e+00
3.229999999999973781e+00 -2.772503449749365689e+00 2.698970004336018746e+00
3.239999999999973568e+00 -2.762503370247599843e+00 2.698970004336018746e+00
3.249999999999973355e+00 -2.752503286997950660e+00 2.698970004336018746e+00
3.259999999999973141e+00 -2.742503203748424934e+00 2.698970004336018746e+00
3.269999999999972928e+00 -2.732503116574285240e+00 2.698970004336018746e+00
3.279999999999972715e+00 -2.722503029400280550e+00 2.698970004336018746e+00
3.289999999999972502e+00 -2.712502938116593931e+00 2.698970004336018746e+00
3.299999999999972289e+00 -2.702502846833053862e+00 2.698970004336018746e+00
3.309999999999972076e+00 -2.692502751246030446e+00 2.698970004336018746e+00
3.319999999999971863e+00 -2.682502655659168678e+00 2.698970004336018746e+00
3.329999999999971649e+00 -2.672502555565875682e+00 2.698970004336018746e+00
3.339999999999971436e+00 -2.662502455472760765e+00 2.698970004336018746e+00
3.349999999999971223e+00 -2.652502350660689956e+00 2.698970004336018746e+00
3.359999999999971010e+00 -2.642502245848815434e+00 2.698970004336018746e+00
3.369999999999970797e+00 -2.632502136095431489e+00 2.698970004336018746e+00
3.379999999999970584e+00 -2.622502026342262038e+00 2.698970004336018746e+00
3.389999999999970370e+00 -2.612501911414526035e+00 2.698970004336018746e+00
3.399999999999970157e+00 -2.602501796487024954e+00 2.698970004336018746e+00
3.409999999999969944e+00 -2.592501676140900990e+00 2.698970004336018746e+00
3.419999999999969731e+00 -2.582501555795033266e+00 2.698970004336018746e+00
3.429999999999969518e+00 -2.572501429774965320e+00 2.698970004336018746e+00
3.439999999999969305e+00 -2.562501303755179372e+00 2.698970004336018746e+00
3.449999999999969091e+00 -2.552501171793549517e+00 2.698970004336018746e+00
3.459999999999968878e+00 -2.542501076306293406e+00 2.698970004336018746e+00
3.469999999999968665e+00 -2.532500974596939347e+00 2.698970004336018746e+00
3.479999999999968452e+00 -2.522500872887948553e+00 2.698970004336018746e+00
3.489999999999968239e+00 -2.512500764663351038e+00 2.698970004336018746e+00
3.499999999999968026e+00 -2.502500656439151427e+00 2.698970004336018746e+00
3.509999999999967812e+00 -2.492502239040258694e+00 2.698970004336018746e+00
3.519999999999967599e+00 -2.482503821643881725e+00 2.698970004336018746e+00
3.529999999999967386e+00 -2.472505397104813873e+00 2.698970004336018746e+00
3.539999999999967173e+00 -2.462506972568357710e+00 2.698970004336018746e+00
3.549999999999966960e+00 -2.452508540552247762e+00 2.698970004336018746e+00
3.559999999999966747e+00 -2.442508374408759675e+00 2.698970004336018746e+00
3.569999999999966533e+00 -2.432508200430453460e+00 2.698970004336018746e+00
3.579999999999966320e+00 -2.422508026452686369e+00 2.698970004336018746e+00
3.589999999999966107e+00 -2.412507844270426194e+00 2.698970004336018746e+00
3.599999999999965894e+00 -2.402507662088756213e+00 2.698970004336018746e+00
3.609999999999965681e+00 -2.392507471315457934e+00 2.698970004336018746e+00
3.619999999999965468e+00 -2.382507280542805805e+00 2.698970004336018746e+00
3.629999999999965254e+00 -2.372507080773096799e+00 2.698970004336018746e+00
3.639999999999965041e+00 -2.362506881004097448e+00 2.698970004336018746e+00
3.649999999999964828e+00 -2.352506671813455519e+00 2.698970004336018746e+00
3.659999999999964615e+00 -2.342506462623591190e+00 2.698970004336018746e+00
3.669999999999964402e+00 -2.332506243567435078e+00 2.698970004336018746e+00
3.679999999999964189e+00 -2.322506024512131617e+00 2.698970004336018746e+00
3.689999999999963975e+00 -2.312505795124871089e+00 2.698970004336018746e+00
3.699999999999963762e+00 -2.302505565738545368e+00 2.698970004336018746e+00
3.709999999999963549e+00 -2.292505325532584681e+00 2.698970004336018746e+00
3.719999999999963336e+00 -2.282505085327648509e+00 2.698970004336018746e+00
3.729999999999963123e+00 -2.272504833792345469e+00 2.698970004336018746e+00
3.739999999999962910e+00 -2.262504582258165975e+00 2.698970004336018746e+00
3.749999999999962697e+00 -2.252504318858735033e+00 2.698970004336018746e+00
3.759999999999962483e+00 -2.242504055460537771e+00 2.698970004336018746e+00
3.769999999999962270e+00 -2.232503779636911379e+00 2.698970004336018746e+00
3.779999999999962057e+00 -2.222503503814637682e+00 2.698970004336018746e+00
3.789999999999961844e+00 -2.212503214980262367e+00 2.698970004336018746e+00
3.799999999999961631e+00 -2.202502926147369866e+00 2.698970004336018746e+00
3.809999999999961418e+00 -2.192502623687948127e+00 2.698970004336018746e+00
3.819999999999961204e+00 -2.182502321230153974e+00 2.698970004336018746e+00
3.829999999999960991e+00 -2.172502004502331996e+00 2.698970004336018746e+00
3.839999999999960778e+00 -2.162501687776293924e+00 2.698970004336018746e+00
3.849999999999960565e+00 -2.152501356106279129e+00 2.698970004336018746e+00
3.859999999999960352e+00 -2.142501024438218771e+00 2.698970004336018746e+00
3.869999999999960139e+00 -2.132500677120331201e+00 2.698970004336018746e+00
3.879999999999959925e+00 -2.122500329804588137e+00 2.698970004336018746e+00
3.889999999999959712e+00 -2.112499966099749660e+00 2.698970004336018746e+00
3.899999999999959499e+00 -2.102499602397262635e+00 2.698970004336018746e+00
3.909999999999959286e+00 -2.092499258006463414e+00 2.698970004336018746e+00
3.919999999999959073e+00 -2.082498913618306524e+00 2.698970004336018746e+00
3.929999999999958860e+00 -2.072498551255904431e+00 2.698970004336018746e+00
3.939999999999958646e+00 -2.062498188896397799e+00 2.698970004336018746e+00
3.949999999999958433e+00 -2.052497807713289379e+00 2.698970004336018746e+00
3.959999999999958220e+00 -2.042499124232898922e+00 2.698970004336018746e+00
3.969999999999958007e+00 -2.032500421043619276e+00 2.698970004336018746e+00
3.979999999999957794e+00 -2.022501717862129400e+00 2.698970004336018746e+00
3.989999999999957581e+00 -2.012502994040302973e+00 2.698970004336018746e+00
3.999999999999957367e+00 -2.002504270226761030e+00 2.698970004336018746e+00
4.009999999999957154e+00 -1.992503790608958880e+00 2.698970004336018746e+00
4.019999999999956941e+00 -1.982503310995245016e+00 2.698970004336018746e+00
4.029999999999956728e+00 -1.972502808738741065e+00 2.698970004336018746e+00
4.039999999999956515e+00 -1.962502306486721970e+00 2.698970004336018746e+00
4.049999999999956302e+00 -1.952501780521205266e+00 2.698970004336018746e+00
4.059999999999956088e+00 -1.942501254560607071e+00 2.698970004336018746e+00
4.069999999999955875e+00 -1.932500703764997940e+00 2.698970004336018746e+00
4.079999999999955662e+00 -1.922500152974782939e+00 2.698970004336018746e+00
4.089999999999955449e+00 -1.912499576174808702e+00 2.698970004336018746e+00
4.099999999999955236e+00 -1.902498999380749067e+00 2.698970004336018746e+00
4.109999999999955023e+00 -1.892498395346401407e+00 2.698970004336018746e+00
4.119999999999954809e+00 -1.882497791318540337e+00 2.698970004336018746e+00
4.129999999999954596e+00 -1.872497158761410319e+00 2.698970004336018746e+00
4.139999999999954383e+00 -1.862496526211395054e+00 2.698970004336018746e+00
4.149999999999954170e+00 -1.852495863781881580e+00 2.698970004336018746e+00
4.159999999999953957e+00 -1.842495237836404343e+00 2.698970004336018746e+00
4.169999999999953744e+00 -1.832494580597132883e+00 2.698970004336018746e+00
4.179999999999953531e+00 -1.822493923366534707e+00 2.698970004336018746e+00
4.189999999999953317e+00 -1.812493233360478184e+00 2.698970004336018746e+00
4.199999999999953104e+00 -1.802492543363928501e+00 2.698970004336018746e+00
4.209999999999952891e+00 -1.792493516800325093e+00 2.698970004336018746e+00
4.219999999999952678e+00 -1.782494490253986985e+00 2.698970004336018746e+00
4.229999999999952465e+00 -1.772495427761270115e+00 2.698970004336018746e+00
4.239999999999952252e+00 -1.762496365287101519e+00 2.698970004336018746e+00
4.249999999999952038e+00 -1.752497265163691420e+00 2.698970004336018746e+00
4.259999999999951825e+00 -1.742496430802575658e+00 2.698970004336018746e+00
4.269999999999951612e+00 -1.732495557000366393e+00 2.698970004336018746e+00
4.279999999999951399e+00 -1.722494683211736710e+00 2.698970004336018746e+00
4.289999999999951186e+00 -1.712493768112358872e+00 2.698970004336018746e+00
4.299999999999950973e+00 -1.702492853027874231e+00 2.698970004336018746e+00
4.309999999999950759e+00 -1.692491931151174578e+00 2.698970004336018746e+00
4.319999999999950546e+00 -1.682491009290971284e+00 2.698970004336018746e+00
4.329999999999950333e+00 -1.672490042109086028e+00 2.698970004336018746e+00
4.339999999999950120e+00 -1.662489074945286749e+00 2.698970004336018746e+00
4.349999999999949907e+00 -1.652488060309548645e+00 2.698970004336018746e+00
4.359999999999949694e+00 -1.642488743511951732e+00 2.698970004336018746e+00
4.369999999999949480e+00 -1.632489376998936592e+00 2.698970004336018746e+00
4.379999999999949267e+00 -1.622490010517165127e+00 2.698970004336018746e+00
4.389999999999949054e+00 -1.612490591960106467e+00 2.698970004336018746e+00
4.399999999999948841e+00 -1.602491173436794814e+00 2.698970004336018746e+00
4.409999999999948628e+00 -1.592490002520418502e+00 2.698970004336018746e+00
4.419999999999948415e+00 -1.582488831630178838e+00 2.698970004336018746e+00
4.429999999999948201e+00 -1.572487603589828309e+00 2.698970004336018746e+00
4.439999999999947988e+00 -1.562486375578137743e+00 2.698970004336018746e+00
4.449999999999947775e+00 -1.552485087700206767e+00 2.698970004336018746e+00
4.459999999999947562e+00 -1.542485497723800281e+00 2.698970004336018746e+00
4.469999999999947349e+00 -1.532485845046553496e+00 2.698970004336018746e+00
4.479999999999947136e+00 -1.522486192415510864e+00 2.698970004336018746e+00
4.489999999999946922e+00 -1.512486474101752965e+00 2.698970004336018746e+00
4.499999999999946709e+00 -1.502486755838042809e+00 2.698970004336018746e+00
4.509999999999946496e+00 -1.492485270863946445e+00 2.698970004336018746e+00
4.519999999999946283e+00 -1.482483785931297371e+00 2.698970004336018746e+00
4.529999999999946070e+00 -1.472482228902060264e+00 2.698970004336018746e+00
4.539999999999945857e+00 -1.462480671918280128e+00 2.698970004336018746e+00
4.549999999999945643e+00 -1.452479039403995920e+00 2.698970004336018746e+00
4.559999999999945430e+00 -1.442479141354039873e+00 2.698970004336018746e+00
4.569999999999945217e+00 -1.432479164189218723e+00 2.698970004336018746e+00
4.579999999999945004e+00 -1.422479187093974140e+00 2.698970004336018746e+00
4.589999999999944791e+00 -1.412479127112455934e+00 2.698970004336018746e+00
4.599999999999944578e+00 -1.402479067206471752e+00 2.698970004336018746e+00
4.609999999999944365e+00 -1.392478920460875624e+00 2.698970004336018746e+00
4.619999999999944151e+00 -1.382478773797316318e+00 2.698970004336018746e+00
4.629999999999943938e+00 -1.372478536149891459e+00 2.698970004336018746e+00
4.639999999999943725e+00 -1.362478298591605519e+00 2.698970004336018746e+00
4.649999999999943512e+00 -1.352477965704838470e+00 2.698970004336018746e+00
4.659999999999943299e+00 -1.342477596432874343e+00 2.698970004336018746e+00
4.669999999999943086e+00 -1.332477127277104545e+00 2.698970004336018746e+00
4.679999999999942872e+00 -1.322476658226300783e+00 2.698970004336018746e+00
4.689999999999942659e+00 -1.312476084515986186e+00 2.698970004336018746e+00
4.699999999999942446e+00 -1.302475510919883339e+00 2.698970004336018746e+00
4.709999999999942233e+00 -1.292474864139958601e+00 2.698970004336018746e+00
4.719999999999942020e+00 -1.282474217484797396e+00 2.698970004336018746e+00
4.729999999999941807e+00 -1.272473455912342066e+00 2.698970004336018746e+00
4.739999999999941593e+00 -1.262472694475721413e+00 2.698970004336018746e+00
4.749999999999941380e+00 -1.252471812615529645e+00 2.698970004336018746e+00
4.759999999999941167e+00 -1.242470967387600878e+00 2.698970004336018746e+00
4.769999999999940954e+00 -1.232469995961976705e+00 2.698970004336018746e+00
4.779999999999940741e+00 -1.222469024698044304e+00 2.698970004336018746e+00
4.789999999999940528e+00 -1.212467921179963382e+00 2.698970004336018746e+00
4.799999999999940314e+00 -1.202466817838084845e+00 2.698970004336018746e+00
4.809999999999940101e+00 -1.192465539403869013e+00 2.698970004336018746e+00
4.819999999999939888e+00 -1.182464261161183527e+00 2.698970004336018746e+00
4.829999999999939675e+00 -1.172462837647536782e+00 2.698970004336018746e+00
4.839999999999939462e+00 -1.162461414342774946e+00 2.698970004336018746e+00
4.849999999999939249e+00 -1.152459838776410006e+00 2.698970004336018746e+00
4.859999999999939035e+00 -1.142458263437928334e+00 2.698970004336018746e+00
4.869999999999938822e+00 -1.132456528503599014e+00 2.698970004336018746e+00
4.879999999999938609e+00 -1.122454793817955432e+00 2.698970004336018746e+00
4.889999999999938396e+00 -1.112452891841030800e+00 2.698970004336018746e+00
4.899999999999938183e+00 -1.102450990135574793e+00 2.698970004336018746e+00
4.909999999999937970e+00 -1.092448949552367710e+00 2.698970004336018746e+00
4.919999999999937756e+00 -1.082446909266271406e+00 2.698970004336018746e+00
4.929999999999937543e+00 -1.072444685139946063e+00 2.698970004336018746e+00
4.939999999999937330e+00 -1.062442461338105382e+00 2.698970004336018746e+00
4.949999999999937117e+00 -1.052440044801601582e+00 2.698970004336018746e+00
4.959999999999936904e+00 -1.042439363521281637e+00 2.698970004336018746e+00
4.969999999999936691e+00 -1.032438480208161202e+00 2.698970004336018746e+00
4.979999999999936477e+00 -1.022437597320516867e+00 2.698970004336018746e+00
4.989999999999936264e+00 -1.012436502602311217e+00 2.698970004336018746e+00
4.999999999999936051e+00 -1.002435408347308377e+00 2.698970004336018746e+00
5.009999999999935838e+00 -9.924340919749673473e-01 2.698970004336018746e+00
5.019999999999935625e+00 -9.824327761071146581e-01 2.698970004336018746e+00
5.029999999999935412e+00 -9.724312273203763457e-01 2.698970004336018746e+00
5.039999999999935199e+00 -9.624296790833178905e-01 2.698970004336018746e+00
5.049999999999934985e+00 -9.524278865838157193e-01 2.698970004336018746e+00
5.059999999999934772e+00 -9.424261311784859485e-01 2.698970004336018746e+00
5.069999999999934559e+00 -9.324241195973340668e-01 2.698970004336018746e+00
5.079999999999934346e+00 -9.224221086705512995e-01 2.698970004336018746e+00
5.089999999999934133e+00 -9.124198290522914645e-01 2.698970004336018746e+00
5.099999999999933920e+00 -9.024175501478136630e-01 2.698970004336018746e+00
5.109999999999933706e+00 -8.924149529048939211e-01 2.698970004336018746e+00
5.119999999999933493e+00 -8.824123564397508002e-01 2.698970004336018746e+00
5.129999999999933280e+00 -8.724094643154018947e-01 2.698970004336018746e+00
5.139999999999933067e+00 -8.624065730401401231e-01 2.698970004336018746e+00
5.149999999999932854e+00 -8.524033715841291547e-01 2.698970004336018746e+00
5.159999999999932641e+00 -8.424036783161490405e-01 2.698970004336018746e+00
5.169999999999932427e+00 -8.324036597283532846e-01 2.698970004336018746e+00
5.179999999999932214e+00 -8.224036422787598388e-01 2.698970004336018746e+00
5.189999999999932001e+00 -8.124032834725094521e-01 2.698970004336018746e+00
5.199999999999931788e+00 -8.024029259040150741e-01 2.698970004336018746e+00
5.209999999999931575e+00 -7.924005110744871683e-01 2.698970004336018746e+00
5.219999999999931362e+00 -7.823980975246859204e-01 2.698970004336018746e+00
5.229999999999931148e+00 -7.723953079485808004e-01 2.698970004336018746e+00
5.239999999999930935e+00 -7.623925197686214350e-01 2.698970004336018746e+00
5.249999999999930722e+00 -7.523893368997425224e-01 2.698970004336018746e+00
5.259999999999930509e+00 -7.423843833242578238e-01 2.698970004336018746e+00
5.269999999999930296e+00 -7.323790153458286101e-01 2.698970004336018746e+00
5.279999999999930083e+00 -7.223736489535776961e-01 2.698970004336018746e+00
5.289999999999929869e+00 -7.123678474858515797e-01 2.698970004336018746e+00
5.299999999999929656e+00 -7.023620477544859630e-01 2.698970004336018746e+00
5.309999999999929443e+00 -6.923610719659327728e-01 2.698970004336018746e+00
5.319999999999929230e+00 -6.823600983374092932e-01 2.698970004336018746e+00
5.329999999999929017e+00 -6.723586452353246257e-01 2.698970004336018746e+00
5.339999999999928804e+00 -6.623571944862723937e-01 2.698970004336018746e+00
5.349999999999928590e+00 -6.523552401565769765e-01 2.698970004336018746e+00
5.359999999999928377e+00 -6.423497795747653560e-01 2.698970004336018746e+00
5.369999999999928164e+00 -6.323437898184776085e-01 2.698970004336018746e+00
5.379999999999927951e+00 -6.223378026610942859e-01 2.698970004336018746e+00
5.389999999999927738e+00 -6.123312595503468403e-01 2.698970004336018746e+00
5.399999999999927525e+00 -6.023247192844604081e-01 2.698970004336018746e+00
5.409999999999927311e+00 -5.923211041589837578e-01 2.698970004336018746e+00
5.419999999999927098e+00 -5.823174923652237878e-01 2.698970004336018746e+00
5.429999999999926885e+00 -5.723132668592868511e-01 2.698970004336018746e+00
5.439999999999926672e+00 -5.623090449925056689e-01 2.698970004336018746e+00
5.449999999999926459e+00 -5.523041780421993341e-01 2.698970004336018746e+00
5.459999999999926246e+00 -5.423010882848762204e-01 2.698970004336018746e+00
5.469999999999926033e+00 -5.322973204721853646e-01 2.698970004336018746e+00
5.479999999999925819e+00 -5.222935571358490181e-01 2.698970004336018746e+00
5.489999999999925606e+00 -5.122890808201375767e-01 2.698970004336018746e+00
5.499999999999925393e+00 -5.022846093952342272e-01 2.698970004336018746e+00
5.509999999999925180e+00 -4.922794611863008374e-01 2.698970004336018746e+00
5.519999999999924967e+00 -4.822743183298249248e-01 2.698970004336018746e+00
5.529999999999924754e+00 -4.722683866762310556e-01 2.698970004336018746e+00
5.539999999999924540e+00 -4.622624608770045662e-01 2.698970004336018746e+00
5.549999999999924327e+00 -4.522557051236529846e-01 2.698970004336018746e+00
5.559999999999924114e+00 -4.422506566138215689e-01 2.698970004336018746e+00
5.569999999999923901e+00 -4.322447347960550745e-01 2.698970004336018746e+00
5.579999999999923688e+00 -4.222388201491333870e-01 2.698970004336018746e+00
5.589999999999923475e+00 -4.122319861926159734e-01 2.698970004336018746e+00
5.599999999999923261e+00 -4.022251600850082487e-01 2.698970004336018746e+00
5.609999999999923048e+00 -3.922174390956101875e-01 2.698970004336018746e+00
5.619999999999922835e+00 -3.822097267098822915e-01 2.698970004336018746e+00
5.629999999999922622e+00 -3.722009948187333661e-01 2.698970004336018746e+00
5.639999999999922409e+00 -3.621922723559658497e-01 2.698970004336018746e+00
5.649999999999922196e+00 -3.521824758102264918e-01 2.698970004336018746e+00
5.659999999999921982e+00 -3.421761661123581821e-01 2.698970004336018746e+00
5.669999999999921769e+00 -3.321687248965113914e-01 2.698970004336018746e+00
5.679999999999921556e+00 -3.221612954278549878e-01 2.698970004336018746e+00
5.689999999999921343e+00 -3.121526731494618234e-01 2.698970004336018746e+00
5.699999999999921130e+00 -3.021440637476898727e-01 2.698970004336018746e+00
5.709999999999920917e+00 -2.921342330790410724e-01 2.698970004336018746e+00
5.719999999999920703e+00 -2.821244165396172843e-01 2.698970004336018746e+00
5.729999999999920490e+00 -2.721132731279471417e-01 2.698970004336018746e+00
5.739999999999920277e+00 -2.621021452255515305e-01 2.698970004336018746e+00
5.749999999999920064e+00 -2.520896171086176030e-01 2.698970004336018746e+00
5.759999999999919851e+00 -2.420789551561290387e-01 2.698970004336018746e+00
5.769999999999919638e+00 -2.320668152933741679e-01 2.698970004336018746e+00
5.779999999999919424e+00 -2.220546944316051652e-01 2.698970004336018746e+00
5.789999999999919211e+00 -2.120410127365904007e-01 2.698970004336018746e+00
5.799999999999918998e+00 -2.020273519297931253e-01 2.698970004336018746e+00
5.809999999999918785e+00 -1.920172621441751937e-01 2.698970004336018746e+00
5.819999999999918572e+00 -1.820071961986133302e-01 2.698970004336018746e+00
5.829999999999918359e+00 -1.719953879797034013e-01 2.698970004336018746e+00
5.839999999999918145e+00 -1.619836059642714432e-01 2.698970004336018746e+00
5.849999999999917932e+00 -1.519699814357376166e-01 2.698970004336018746e+00
5.859999999999917719e+00 -1.419564223487324306e-01 2.698970004336018746e+00
5.869999999999917506e+00 -1.319409137558607004e-01 2.698970004336018746e+00
5.879999999999917293e+00 -1.219254369110448211e-01 2.698970004336018746e+00
5.889999999999917080e+00 -1.119078962344848965e-01 2.698970004336018746e+00
5.899999999999916866e+00 -1.018903905476313265e-01 2.698970004336018746e+00
5.909999999999916653e+00 -9.187429200816993324e-02 2.698970004336018746e+00
5.919999999999916440e+00 -8.185823282746053364e-02 2.698970004336018746e+00
5.929999999999916227e+00 -7.183985742029190547e-02 2.698970004336018746e+00
5.939999999999916014e+00 -6.182152543199137540e-02 2.698970004336018746e+00
5.949999999999915801e+00 -5.180073693941390778e-02 2.698970004336018746e+00
5.959999999999915588e+00 -4.178181236514501296e-02 2.698970004336018746e+00
5.969999999999915374e+00 -3.176028116852430000e-02 2.698970004336018746e+00
5.979999999999915161e+00 -2.173880342483951178e-02 2.698970004336018746e+00
5.989999999999914948e+00 -1.171455727880684784e-02 2.698970004336018746e+00
5.999999999999914735e+00 -1.690370264742639770e-03 2.698970004336018746e+00
6.009999999999914522e+00 8.331454570486106562e-03 2.698970004336018746e+00
6.019999999999914309e+00 1.542509147412311592e-02 2.701839456470881196e+00
6.029999999999914095e+00 2.252045129029068074e-02 2.704708855190323558e+00
6.039999999999913882e+00 2.961491571526005812e-02 2.707578465312263649e+00
6.049999999999913669e+00 3.671145166963406259e-02 2.710448344207548210e+00
6.059999999999913456e+00 4.380168077159157791e-02 2.713318510199802969e+00
6.069999999999913243e+00 5.089292837181114137e-02 2.716189938610412025e+00
6.079999999999913030e+00 5.798243138820355358e-02 2.719062425644680037e+00
6.089999999999912816e+00 6.507329395624573964e-02 2.721935803603217074e+00
6.099999999999912603e+00 7.216279567328909295e-02 2.724809870559578240e+00
6.109999999999912390e+00 7.925024649612673333e-02 2.727684458290847491e+00
6.119999999999912177e+00 8.633731804939315246e-02 2.730558480745917116e+00
6.129999999999911964e+00 9.342677209412646178e-02 2.733431988255616396e+00
6.139999999999911751e+00 1.005156673926595329e-01 2.736305002676696407e+00
6.149999999999911537e+00 1.076067611848440103e-01 2.739177577347934101e+00
6.159999999999911324e+00 1.146948747512509803e-01 2.742049737975271739e+00
6.169999999999911111e+00 1.217851010877320922e-01 2.744921915207010787e+00
6.179999999999910898e+00 1.288746432874043890e-01 2.747794135065057208e+00
6.189999999999910685e+00 1.359670443237754323e-01 2.750666449288039939e+00
6.199999999999910472e+00 1.430614293991801789e-01 2.753538843712638684e+00
6.209999999999910258e+00 1.501526050030299042e-01 2.756411204413985683e+00
6.219999999999910045e+00 1.572438638263414235e-01 2.759283012784905065e+00
6.229999999999909832e+00 1.643378794870143100e-01 2.762154123228040881e+00
6.239999999999909619e+00 1.714321390069647177e-01 2.765024372505395345e+00
6.249999999999909406e+00 1.785294337575225598e-01 2.767893618715967285e+00
6.259999999999909193e+00 1.856201633399784945e-01 2.770761700353974177e+00
6.269999999999908979e+00 1.927134487645224548e-01 2.773629227617338877e+00
6.279999999999908766e+00 1.998066402357788762e-01 2.776496234126513141e+00
6.289999999999908553e+00 2.069022774153496669e-01 2.779362771818296718e+00
6.299999999999908340e+00 2.139977366780364265e-01 2.782228875239105559e+00
6.309999999999908127e+00 2.210914679300152730e-01 2.785094596073273365e+00
6.319999999999907914e+00 2.281858462011866484e-01 2.787959384423561726e+00
6.329999999999907700e+00 2.352832625839414160e-01 2.790823274470776383e+00
6.339999999999907487e+00 2.423811578477247375e-01 2.793686287267441504e+00
6.349999999999907274e+00 2.494820122531414830e-01 2.796548458845881768e+00
6.359999999999907061e+00 2.565761489463556089e-01 2.799409810986810854e+00
6.369999999999906848e+00 2.636673432258141991e-01 2.802270583884071797e+00
6.379999999999906635e+00 2.707575566485758700e-01 2.805130455492991892e+00
6.389999999999906422e+00 2.778506803150762039e-01 2.807989496140510965e+00
6.399999999999906208e+00 2.849441069549999983e-01 2.810847843200619867e+00
6.409999999999905995e+00 2.920317398726291480e-01 2.813705646061255727e+00
6.419999999999905782e+00 2.991201476822183403e-01 2.816562598442525100e+00
6.429999999999905569e+00 3.062115725629940277e-01 2.819418775653392828e+00
6.439999999999905356e+00 3.133035232399375980e-01 2.822274243628588142e+00
6.449999999999905143e+00 3.203983281995131938e-01 2.825129078899279556e+00
6.459999999999904929e+00 3.274881769082898519e-01 2.827983347712073936e+00
6.469999999999904716e+00 3.345817010471603958e-01 2.830836153840704306e+00
6.479999999999904503e+00 3.416768893863862400e-01 2.833687129116257530e+00
6.489999999999904290e+00 3.487764683380873421e-01 2.836535915446707357e+00
6.499999999999904077e+00 3.558784442672082715e-01 2.839382146756679326e+00
6.509999999999903864e+00 3.629748415717441445e-01 2.842225466525829525e+00
6.519999999999903650e+00 3.700721288364887673e-01 2.845067800739419894e+00
6.529999999999903437e+00 3.771724595971808758e-01 2.847909271340676618e+00
6.539999999999903224e+00 3.842734965588591733e-01 2.850749993025961881e+00
6.549999999999903011e+00 3.913774884336447268e-01 2.853590259032398713e+00
6.559999999999902798e+00 3.984742806808656557e-01 2.856430651149284294e+00
6.569999999999902585e+00 4.055728832563537667e-01 2.859271536917152634e+00
6.579999999999902371e+00 4.126710470244630558e-01 2.862112881471517767e+00
6.589999999999902158e+00 4.197710688705140747e-01 2.864954656394405941e+00
6.599999999999901945e+00 4.268707188406932751e-01 2.867796827024120532e+00
6.609999999999901732e+00 4.339605487193957667e-01 2.870639364762173518e+00
6.619999999999901519e+00 4.410521790343271964e-01 2.873480346700114207e+00
6.629999999999901306e+00 4.481481816330107337e-01 2.876319516027607381e+00
6.639999999999901092e+00 4.552465243679167939e-01 2.879156610379198344e+00
6.649999999999900879e+00 4.623496543580490892e-01 2.881991374072329304e+00
6.659999999999900666e+00 4.694472650601734243e-01 2.884823547444259617e+00
6.669999999999900453e+00 4.765492858163632439e-01 2.887653544356655555e+00
6.679999999999900240e+00 4.836534302579763578e-01 2.890481463075288193e+00
6.689999999999900027e+00 4.907617633056107764e-01 2.893307405830420453e+00
6.699999999999899813e+00 4.978720192836325054e-01 2.896131470346858361e+00
6.709999999999899600e+00 5.049737456619756149e-01 2.898953757966221900e+00
6.719999999999899387e+00 5.120745603342240493e-01 2.901775929745109117e+00
6.729999999999899174e+00 5.191772204123533685e-01 2.904597876918649568e+00
6.739999999999898961e+00 5.262807792336676727e-01 2.907419197141352551e+00
6.749999999999898748e+00 5.333877039738322834e-01 2.910239564295757031e+00
6.759999999999898534e+00 5.404872565667061535e-01 2.913058649761409047e+00
6.769999999999898321e+00 5.475904657117094398e-01 2.915876410673173602e+00
6.779999999999898108e+00 5.546952874709147885e-01 2.918692807726797955e+00
6.789999999999897895e+00 5.618038210927226439e-01 2.921507804530093733e+00
6.799999999999897682e+00 5.689140442216582549e-01 2.924321362188857520e+00
6.809999999999897469e+00 5.760139431934555576e-01 2.927133444450176203e+00
6.819999999999897256e+00 5.831171499488253529e-01 2.929942874340638159e+00
6.829999999999897042e+00 5.902255364130490900e-01 2.932749795070000332e+00
6.839999999999896829e+00 5.973369450250818335e-01 2.935554347257737007e+00
6.849999999999896616e+00 6.044532253112514519e-01 2.938356672989828944e+00
6.859999999999896403e+00 6.115580023181608205e-01 2.941156912045349792e+00
6.869999999999896190e+00 6.186679022817567208e-01 2.943954719111552265e+00
6.879999999999895977e+00 6.257809692331650631e-01 2.946750019609952087e+00
6.889999999999895763e+00 6.328992091068843528e-01 2.949542740980028999e+00
6.899999999999895550e+00 6.400149382905935269e-01 2.952332809536080571e+00
6.909999999999895337e+00 6.471208722681759395e-01 2.955120046787107047e+00
6.919999999999895124e+00 6.542297501533845816e-01 2.957905193992789172e+00
6.929999999999894911e+00 6.613434085577800658e-01 2.960688303942589084e+00
6.939999999999894698e+00 6.684599065414236208e-01 2.963469428302304642e+00
6.949999999999894484e+00 6.755810535396911121e-01 2.966248619329689085e+00
6.959999999999894271e+00 6.826878099865190119e-01 2.969025928346602949e+00
6.969999999999894058e+00 6.897990179101989305e-01 2.971801670792072692e+00
6.979999999999893845e+00 6.969130660670176391e-01 2.974575626256817706e+00
6.989999999999893632e+00 7.040319760566980944e-01 2.977347575752958608e+00
6.999999999999893419e+00 7.111541643903488419e-01 2.980117300824281390e+00
7.009999999999893205e+00 7.182656218263695491e-01 2.982884584336898737e+00
7.019999999999892992e+00 7.253809045169229419e-01 2.985649132100086867e+00
7.029999999999892779e+00 7.325015544209835250e-01 2.988411103106443978e+00
7.039999999999892566e+00 7.396256757247849922e-01 2.991170655596589345e+00
7.049999999999892353e+00 7.467548159520689399e-01 2.993927947119215727e+00
7.059999999999892140e+00 7.538689546535343178e-01 2.996683134489669609e+00
7.069999999999891926e+00 7.609884162743401070e-01 2.999436311997125681e+00
7.079999999999891713e+00 7.681066173255042262e-01 3.002187643042081966e+00
7.089999999999891500e+00 7.752287713200977093e-01 3.004936725837530354e+00
7.099999999999891287e+00 7.823547797386476432e-01 3.007683210882489799e+00
7.109999999999891074e+00 7.894672639515154522e-01 3.010426853454144513e+00
7.119999999999890861e+00 7.965838760978213307e-01 3.013167820175824296e+00
7.129999999999890647e+00 8.037061304923130978e-01 3.015906150450858192e+00
7.139999999999890434e+00 8.108324350989266627e-01 3.018641883810168292e+00
7.149999999999890221e+00 8.179642630029346773e-01 3.021375059195814838e+00
7.159999999999890008e+00 8.250768511910508973e-01 3.024105715745714296e+00
7.169999999999889795e+00 8.321959949366374287e-01 3.026833123529122815e+00
7.179999999999889582e+00 8.393200560575392322e-01 3.029557454218025025e+00
7.189999999999889368e+00 8.464502956102545328e-01 3.032278878014774026e+00
7.199999999999889155e+00 8.535851520788964031e-01 3.034997564646767287e+00
7.209999999999888942e+00 8.607035498322694878e-01 3.037713682367143786e+00
7.219999999999888729e+00 8.678273198461718962e-01 3.040426653645017296e+00
7.229999999999888516e+00 8.749578677447742425e-01 3.043136394997850491e+00
7.239999999999888303e+00 8.820939514732258901e-01 3.045842823736074401e+00
7.249999999999888090e+00 8.892369236611213923e-01 3.048545856896490491e+00
7.259999999999887876e+00 8.963588490359168937e-01 3.051245412296133441e+00
7.269999999999887663e+00 9.034815060638718975e-01 3.053943365187918424e+00
7.279999999999887450e+00 9.106080360331959556e-01 3.056639502555305921e+00
7.289999999999887237e+00 9.177396664582192498e-01 3.059333758349477517e+00
7.299999999999887024e+00 9.248753061005517973e-01 3.062026067304643551e+00
7.309999999999886811e+00 9.319856367579425482e-01 3.064716364134826510e+00
7.319999999999886597e+00 9.391019213827870304e-01 3.067403332178663788e+00
7.329999999999886384e+00 9.462251027700143702e-01 3.070087066249542751e+00
7.339999999999886171e+00 9.533540522548140661e-01 3.072767661198276379e+00
7.349999999999885958e+00 9.604896479665385733e-01 3.075445211455656747e+00
7.359999999999885745e+00 9.676043352623352467e-01 3.078119811372746817e+00
7.369999999999885532e+00 9.747273309853320411e-01 3.080789996183852963e+00
7.379999999999885318e+00 9.818578129157478074e-01 3.083455683718948404e+00
7.389999999999885105e+00 9.889966884516722123e-01 3.086116792237124429e+00
7.399999999999884892e+00 9.961432064682800291e-01 3.088773240375645379e+00
7.409999999999884679e+00 1.003267614425420895e+00 3.091424947287479075e+00
7.419999999999884466e+00 1.010396451631331516e+00 3.094075463513338509e+00
7.429999999999884253e+00 1.017530311764635043e+00 3.096724878760562572e+00
7.439999999999884039e+00 1.024668440002545644e+00 3.099373281910707600e+00
7.449999999999883826e+00 1.031802711318219767e+00 3.102020761905975199e+00
7.459999999999883613e+00 1.038904995536436004e+00 3.104666980092083861e+00
7.469999999999883400e+00 1.046015609385084533e+00 3.107308584137583818e+00
7.479999999999883187e+00 1.053133989180316199e+00 3.109945632757454614e+00
7.489999999999882974e+00 1.060260492327204984e+00 3.112578185358137350e+00
7.499999999999882760e+00 1.067394647026181254e+00 3.115206299941153389e+00
7.509999999999882547e+00 1.074501219638320570e+00 3.117830035413792000e+00
7.519999999999882334e+00 1.081614870928408578e+00 3.120450496252686445e+00
7.529999999999882121e+00 1.088735681243911069e+00 3.123067831669997130e+00
7.539999999999881908e+00 1.095863289226773007e+00 3.125682188378753779e+00
7.549999999999881695e+00 1.102997675358242891e+00 3.128293713992484015e+00
7.559999999999881481e+00 1.110100921635292837e+00 3.130902553332318483e+00
7.569999999999881268e+00 1.117212072323616301e+00 3.133507875780530583e+00
7.579999999999881055e+00 1.124331344500493213e+00 3.136109448212062834e+00
7.589999999999880842e+00 1.131458862050238379e+00 3.138707041564501310e+00
7.599999999999880629e+00 1.138594949907894449e+00 3.141300425761599513e+00
7.609999999999880416e+00 1.145701554492974283e+00 3.143889375189778512e+00
7.619999999999880202e+00 1.152816949343797193e+00 3.146474463756939066e+00
7.629999999999879989e+00 1.159940582974036127e+00 3.149055913719806643e+00
7.639999999999879776e+00 1.167062694698539627e+00 3.151633942289574275e+00
7.649999999999879563e+00 1.174186140902186093e+00 3.154208683965310733e+00
7.659999999999879350e+00 1.181270461340655720e+00 3.156779977705209461e+00
7.669999999999879137e+00 1.188362473098088845e+00 3.159348162890940337e+00
7.679999999999878924e+00 1.195462805032419196e+00 3.161913215380538489e+00
7.689999999999878710e+00 1.202570745701249777e+00 3.164475115743807798e+00
7.699999999999878497e+00 1.209687061941887798e+00 3.167033839943580453e+00
7.709999999999878284e+00 1.216765291996913856e+00 3.169589369149337532e+00
7.719999999999878071e+00 1.223851602898736513e+00 3.172142235608280014e+00
7.729999999999877858e+00 1.230944924799425522e+00 3.174692492295519752e+00
7.739999999999877645e+00 1.238046252068824016e+00 3.177240185982166398e+00
7.749999999999877431e+00 1.245154361911759766e+00 3.179785369193562694e+00
7.759999999999877218e+00 1.252221586219607330e+00 3.182328087693149676e+00
7.769999999999877005e+00 1.259298362741552602e+00 3.184866005026816715e+00
7.779999999999876792e+00 1.266386099399614107e+00 3.187399054904590301e+00
7.789999999999876579e+00 1.273483343389022027e+00 3.189927179066796015e+00
7.799999999999876366e+00 1.280591667042717985e+00 3.192450312527818745e+00
7.809999999999876152e+00 1.287657088360784963e+00 3.194968398878669902e+00
7.819999999999875939e+00 1.294732575583727563e+00 3.197483331293451858e+00
7.829999999999875726e+00 1.301816043109310428e+00 3.199995359908508696e+00
7.839999999999875513e+00 1.308888708785767019e+00 3.202504724307292605e+00
7.849999999999875300e+00 1.315967944705417780e+00 3.205011358892863260e+00
7.859999999999875087e+00 1.322998719204613760e+00 3.207515237761663141e+00
7.869999999999874873e+00 1.330037965371280162e+00 3.210015377787069468e+00
7.879999999999874660e+00 1.337087996650575317e+00 3.212511699959498923e+00
7.889999999999874447e+00 1.344146460301500756e+00 3.215004136101028198e+00
7.899999999999874234e+00 1.351215862802747747e+00 3.217492608056021552e+00
7.909999999999874021e+00 1.358233834518281835e+00 3.219977049115375412e+00
7.919999999999873808e+00 1.365262669334560641e+00 3.222457816660597274e+00
7.929999999999873594e+00 1.372299480624768586e+00 3.224934981414983692e+00
7.939999999999873381e+00 1.379347059878677895e+00 3.227408601729150561e+00
7.949999999999873168e+00 1.386402346117306950e+00 3.229878747513965198e+00
7.959999999999872955e+00 1.393405165392046285e+00 3.232345475917645761e+00
7.969999999999872742e+00 1.400416598115430622e+00 3.234808832395958955e+00
7.979999999999872529e+00 1.407439902890182504e+00 3.237268826231366692e+00
7.989999999999872315e+00 1.414471592062613636e+00 3.239725479850596113e+00
7.999999999999872102e+00 1.421515145798734725e+00 3.242178801878373928e+00
8.009999999999871889e+00 1.428500438634911607e+00 3.244628814684758389e+00
8.019999999999871676e+00 1.435498684054996810e+00 3.247074911847149803e+00
8.029999999999871463e+00 1.442505884313583620e+00 3.249517172454802427e+00
8.039999999999871250e+00 1.449505044416244504e+00 3.251955660209027155e+00
8.049999999999871036e+00 1.456507094449047246e+00 3.254390262867248307e+00
8.059999999999870823e+00 1.463447601505006412e+00 3.256820906009333161e+00
8.069999999999870610e+00 1.470396859331279726e+00 3.259247326172593606e+00
8.079999999999870397e+00 1.477359217788395407e+00 3.261669589031896965e+00
8.089999999999870184e+00 1.484329966679525548e+00 3.264087775608912168e+00
8.099999999999869971e+00 1.491313698710512448e+00 3.266501949890004308e+00
8.109999999999869758e+00 1.498231723861515485e+00 3.268912191716729865e+00
8.119999999999869544e+00 1.505162757550376762e+00 3.271319191143974958e+00
8.129999999999869331e+00 1.512101713219506482e+00 3.273722895229422836e+00
8.139999999999869118e+00 1.519053798722925785e+00 3.276123234108379911e+00
8.149999999999868905e+00 1.526013689911795979e+00 3.278520155761667887e+00
8.159999999999868692e+00 1.532907424046666467e+00 3.280913590906926913e+00
8.169999999999868479e+00 1.539810480136820425e+00 3.283303002332601306e+00
8.179999999999868265e+00 1.546728463170484291e+00 3.285688425118044265e+00
8.189999999999868052e+00 1.553655444824255216e+00 3.288069912219571567e+00
8.199999999999867839e+00 1.560597283274535618e+00 3.290447497811449740e+00
8.209999999999867626e+00 1.567463511624657357e+00 3.292821234315540746e+00
8.219999999999867413e+00 1.574344972033913548e+00 3.295191243581999441e+00
8.229999999999867200e+00 1.581235284148462705e+00 3.297557552392982316e+00
8.239999999999866986e+00 1.588140833759789761e+00 3.299920168596547132e+00
8.249999999999866773e+00 1.595022940345270479e+00 3.302279119235630667e+00
8.259999999999866560e+00 1.601830335169883268e+00 3.304634258791169898e+00
8.269999999999866347e+00 1.608646737295952533e+00 3.306984821334523428e+00
8.279999999999866134e+00 1.615478974141088653e+00 3.309330892176229444e+00
8.289999999999865921e+00 1.622319791603729522e+00 3.311672575775882699e+00
8.299999999999865707e+00 1.629176274923583634e+00 3.314009955798447926e+00
8.309999999999865494e+00 1.635946761484585954e+00 3.316343135397028963e+00
8.319999999999865281e+00 1.642733237309280447e+00 3.318672801763948410e+00
8.329999999999865068e+00 1.649528010913964948e+00 3.320999006641537132e+00
8.339999999999864855e+00 1.656338743419753401e+00 3.323321780868716324e+00
8.349999999999864642e+00 1.663157426728235189e+00 3.325641175924276105e+00
8.359999999999864428e+00 1.669893245348156530e+00 3.327957221605850613e+00
8.369999999999864215e+00 1.676637748897818359e+00 3.330269917823598824e+00
8.379999999999864002e+00 1.683399215087245215e+00 3.332579155247809233e+00
8.389999999999863789e+00 1.690169277179688345e+00 3.334884846772902645e+00
8.399999999999863576e+00 1.696956463528938253e+00 3.337186883994814668e+00
8.409999999999863363e+00 1.703648202022055358e+00 3.339485181145847026e+00
8.419999999999863149e+00 1.710358277494525403e+00 3.341779017221258474e+00
8.429999999999862936e+00 1.717077773112367423e+00 3.344068339034613313e+00
8.439999999999862723e+00 1.723815657661752043e+00 3.346353071185666384e+00
8.449999999999862510e+00 1.730562751812889211e+00 3.348633161514513734e+00
8.459999999999862297e+00 1.737209628868447320e+00 3.350908535165682878e+00
8.469999999999862084e+00 1.743840605199998395e+00 3.353180424650728408e+00
8.479999999999861870e+00 1.750489096456435689e+00 3.355448848077207114e+00
8.489999999999861657e+00 1.757145328571775300e+00 3.357713870756520169e+00
8.499999999999861444e+00 1.763818997468140193e+00 3.359975533434889083e+00
8.509999999999861231e+00 1.770385857083537573e+00 3.362233900844434409e+00
8.519999999999861018e+00 1.776971968043735473e+00 3.364487872834376780e+00
8.529999999999860805e+00 1.783567144794843795e+00 3.366737388608303405e+00
8.539999999999860592e+00 1.790181651000739782e+00 3.368982363077892561e+00
8.549999999999860378e+00 1.796805047914204367e+00 3.371222736564731814e+00
8.559999999999860165e+00 1.803332683603568354e+00 3.373458424917020082e+00
8.569999999999859952e+00 1.809869522720773505e+00 3.375689605326472886e+00
8.579999999999859739e+00 1.816426167344940890e+00 3.377916404330419731e+00
8.589999999999859526e+00 1.822991492091296628e+00 3.380138972392244145e+00
8.599999999999859313e+00 1.829576317351231163e+00 3.382357433731381313e+00
8.609999999999859099e+00 1.836050685204870137e+00 3.384571936061588904e+00
8.619999999999858886e+00 1.842546017636287781e+00 3.386781860433984548e+00
8.629999999999858673e+00 1.849050853388747973e+00 3.388987238355457787e+00
8.639999999999858460e+00 1.855576559162042560e+00 3.391188077776469800e+00
8.649999999999858247e+00 1.862111460260961637e+00 3.393384409671670987e+00
8.659999999999858034e+00 1.868541361979521476e+00 3.395576242798393096e+00
8.669999999999857820e+00 1.874980076937037055e+00 3.397764365843911172e+00
8.679999999999857607e+00 1.881439401935189215e+00 3.399948745808373474e+00
8.689999999999857394e+00 1.887858444973372407e+00 3.402129369502564948e+00
8.699999999999857181e+00 1.894296723847423314e+00 3.404305770317631819e+00
8.709999999999856968e+00 1.900617019915940897e+00 3.406477971721891151e+00
8.719999999999856755e+00 1.906957893629185552e+00 3.408646278322637446e+00
8.729999999999856541e+00 1.913307052355735394e+00 3.410810672843054281e+00
8.739999999999856328e+00 1.919676730258981667e+00 3.412971126931486854e+00
8.749999999999856115e+00 1.926054531853079066e+00 3.415127623046667171e+00
8.759999999999855902e+00 1.932320306966361922e+00 3.417280136765891374e+00
8.769999999999855689e+00 1.938595788422007304e+00 3.419427457080783217e+00
8.779999999999855476e+00 1.944893108521827951e+00 3.421569860798641560e+00
8.789999999999855262e+00 1.951199545206623975e+00 3.423707622697825581e+00
8.799999999999855049e+00 1.957527262617649422e+00 3.425841017780282716e+00
8.809999999999854836e+00 1.963724998080104589e+00 3.427970314040451161e+00
8.819999999999854623e+00 1.969943100011165571e+00 3.430098663018351424e+00
8.829999999999854410e+00 1.976169753924568839e+00 3.432225247565942716e+00
8.839999999999854197e+00 1.982417845789899769e+00 3.434349270931130071e+00
8.849999999999853983e+00 1.988675622994318770e+00 3.436469924998338588e+00
8.859999999999853770e+00 1.994778975955874278e+00 3.438586429547010770e+00
8.869999999999853557e+00 2.000894145127553259e+00 3.440708514135902618e+00
8.879999999999853344e+00 2.007033380040407433e+00 3.442836057666294636e+00
8.889999999999853131e+00 2.013184940832497993e+00 3.444968910145334906e+00
8.899999999999852918e+00 2.019360865111422321e+00 3.447106957300408503e+00
8.909999999999852704e+00 2.025306128823072260e+00 3.449250049030765375e+00
8.919999999999852491e+00 2.031217948142037599e+00 3.451407757639522789e+00
8.929999999999852278e+00 2.037109511702491549e+00 3.453579153818348679e+00
8.939999999999852065e+00 2.043020896792177243e+00 3.455762939091850949e+00
8.949999999999851852e+00 2.048941795116502540e+00 3.457958300175486333e+00
8.959999999999851639e+00 2.054651973613773386e+00 3.460164479976810981e+00
8.969999999999851426e+00 2.060373990369269936e+00 3.462379292650162199e+00
8.979999999999851212e+00 2.066118482667451239e+00 3.464602978046659398e+00
8.989999999999850999e+00 2.071875129649751290e+00 3.466835714319057349e+00
8.999999999999850786e+00 2.077654182895489310e+00 3.469077733943097375e+00
9.009999999999850573e+00 2.083239925965465034e+00 3.471329205302776444e+00
9.019999999999850360e+00 2.088849103207140345e+00 3.473586690117117737e+00
9.029999999999850147e+00 2.094472401789577720e+00 3.475849957836906867e+00
9.039999999999849933e+00 2.100119470236651686e+00 3.478118837352085713e+00
9.049999999999849720e+00 2.105781387717937658e+00 3.480393095493122146e+00
9.059999999999849507e+00 2.111281531314571414e+00 3.482672557531986346e+00
9.069999999999849294e+00 2.116797617413847199e+00 3.484954695937258595e+00
9.079999999999849081e+00 2.122338420673146153e+00 3.487239374777447054e+00
9.089999999999848868e+00 2.127895697403470177e+00 3.489526403469706661e+00
9.099999999999848654e+00 2.133477861657998798e+00 3.491815642306520306e+00
9.109999999999848441e+00 2.138909918159890289e+00 3.494106903087605520e+00
9.119999999999848228e+00 2.144367458557277839e+00 3.496396995896302151e+00
9.129999999999848015e+00 2.149842804874549707e+00 3.498685663715521255e+00
9.139999999999847802e+00 2.155308712025167495e+00 3.500972688153985324e+00
9.149999999999847589e+00 2.160746804816485955e+00 3.503257696355940976e+00
9.159999999999847375e+00 2.166063457122493041e+00 3.505540448951549148e+00
9.169999999999847162e+00 2.171399833127848122e+00 3.507820023500289874e+00
9.179999999999846949e+00 2.176763466275383863e+00 3.510096121767852573e+00
9.189999999999846736e+00 2.182147043910785733e+00 3.512368445897079638e+00
9.199999999999846523e+00 2.187558065574970456e+00 3.514636696180884812e+00
9.209999999999846310e+00 2.192851363945995224e+00 3.516900589288542989e+00
9.219999999999846096e+00 2.198174079237996903e+00 3.519155653561681696e+00
9.229999999999845883e+00 2.203518337112174930e+00 3.521402006435116139e+00
9.239999999999845670e+00 2.208891606576793176e+00 3.523639723349577313e+00
9.249999999999845457e+00 2.214285751548920711e+00 3.525868924828680306e+00
9.259999999999845244e+00 2.219581672227568525e+00 3.528089671819390372e+00
9.269999999999845031e+00 2.224897933701125208e+00 3.530300668879084114e+00
9.279999999999844817e+00 2.230242803741853130e+00 3.532501849374966252e+00
9.289999999999844604e+00 2.235607281961070392e+00 3.534693228457506109e+00
9.299999999999844391e+00 2.241000123145878042e+00 3.536874732741583927e+00
9.309999999999844178e+00 2.246294797418373346e+00 3.539046384536413292e+00
9.319999999999843965e+00 2.251617431635469124e+00 3.541206857786368900e+00
9.329999999999843752e+00 2.256957786458564374e+00 3.543356167307796234e+00
9.339999999999843538e+00 2.262325870193709232e+00 3.545494220301201871e+00
9.349999999999843325e+00 2.267710758758930023e+00 3.547621038384015879e+00
9.359999999999843112e+00 2.273016842263205994e+00 3.549736532358889196e+00
9.369999999999842899e+00 2.278275428021304005e+00 3.551838008893751120e+00
9.379999999999842686e+00 2.283553107101639945e+00 3.553928747519025766e+00
9.389999999999842473e+00 2.288846596969546177e+00 3.556009462670187027e+00
9.399999999999842260e+00 2.294167767288348259e+00 3.558080293322099852e+00
9.409999999999842046e+00 2.299400304679817708e+00 3.560141475721804838e+00
9.419999999999841833e+00 2.304659865465607194e+00 3.562192571863658230e+00
9.429999999999841620e+00 2.309933077483276698e+00 3.564233839336208298e+00
9.439999999999841407e+00 2.315232809168930928e+00 3.566265454161182458e+00
9.449999999999841194e+00 2.320545306704957511e+00 3.568287660495525593e+00
9.459999999999840981e+00 2.325789356489325055e+00 3.570300639991075276e+00
9.469999999999840767e+00 2.331045395896796713e+00 3.572303381126676669e+00
9.479999999999840554e+00 2.336326818093366064e+00 3.574296082266675167e+00
9.489999999999840341e+00 2.341619570603939327e+00 3.576278970165363447e+00
9.499999999999840128e+00 2.346937018952092835e+00 3.578252251226004432e+00
9.509999999999839915e+00 2.352176259457181118e+00 3.580216139490701721e+00
9.519999999999839702e+00 2.357440313979653812e+00 3.582168586112738140e+00
9.529999999999839488e+00 2.362715299680007597e+00 3.584109909586771003e+00
9.539999999999839275e+00 2.368014243332453805e+00 3.586040445977711766e+00
9.549999999999839062e+00 2.373323624157394729e+00 3.587960499533708436e+00
9.559999999999838849e+00 2.378570778063403335e+00 3.589870408844658911e+00
9.569999999999838636e+00 2.383828031457929431e+00 3.591769653046113397e+00
9.579999999999838423e+00 2.389107739798656205e+00 3.593658477416060926e+00
9.589999999999838209e+00 2.394397338594183466e+00 3.595537068547045134e+00
9.599999999999837996e+00 2.399708866216659242e+00 3.597405671872040855e+00
9.609999999999837783e+00 2.404948517028143051e+00 3.599264464348179704e+00
9.619999999999837570e+00 2.410171224526444167e+00 3.601111883448941065e+00
9.629999999999837357e+00 2.415380021752849604e+00 3.602947892852198741e+00
9.639999999999837144e+00 2.420611591402550111e+00 3.604772622336867016e+00
9.649999999999836930e+00 2.425854668570731398e+00 3.606586246834072806e+00
9.659999999999836717e+00 2.431043542491345910e+00 3.608389012903274295e+00
9.669999999999836504e+00 2.436243461560604562e+00 3.610181050987660623e+00
9.679999999999836291e+00 2.441464235855652642e+00 3.611962662617857145e+00
9.689999999999836078e+00 2.446695836853010952e+00 3.613734073439539785e+00
9.699999999999835865e+00 2.451947726932519167e+00 3.615495573658531026e+00
9.709999999999835651e+00 2.457135207738641913e+00 3.617247381374429693e+00
9.719999999999835438e+00 2.462342191587487239e+00 3.618989243726248528e+00
9.729999999999835225e+00 2.467559593415616259e+00 3.620721296109730591e+00
9.739999999999835012e+00 2.472795926150467949e+00 3.622443726700303124e+00
9.749999999999834799e+00 2.478042456876049293e+00 3.624156666223779855e+00
9.759999999999834586e+00 2.483235012358977034e+00 3.625860290645271267e+00
9.769999999999834372e+00 2.488437309512758766e+00 3.627554144946778525e+00
9.779999999999834159e+00 2.493657300043687020e+00 3.629238485089897104e+00
9.789999999999833946e+00 2.498886845883154795e+00 3.630913524835676753e+00
9.799999999999833733e+00 2.504133478646132005e+00 3.632579506213294174e+00
9.809999999999833520e+00 2.509320641020546194e+00 3.634236638335847314e+00
9.819999999999833307e+00 2.514524403534803110e+00 3.635884103500051978e+00
9.829999999999833094e+00 2.519736882051043736e+00 3.637522021083546608e+00
9.839999999999832880e+00 2.524965538349948968e+00 3.639150525250134827e+00
9.849999999999832667e+00 2.530202675999918771e+00 3.640769732232293165e+00
9.859999999999832454e+00 2.535388455942211294e+00 3.642379766557510834e+00
9.869999999999832241e+00 2.540582313597577802e+00 3.643980218806676330e+00
9.879999999999832028e+00 2.545791251829952806e+00 3.645571225421202488e+00
9.889999999999831815e+00 2.550380478311544685e+00 3.647152916798712674e+00
9.899999999999831601e+00 2.554990523642745259e+00 3.648725421500392141e+00
9.909999999999831388e+00 2.560187107410592855e+00 3.650288865610316513e+00
9.919999999999831175e+00 2.565351974638040655e+00 3.651844190210112640e+00
9.929999999999830962e+00 2.570529244205229880e+00 3.653392586323909619e+00
9.939999999999830749e+00 2.575718923752674971e+00 3.654934197654597039e+00
9.949999999999830536e+00 2.580920849217754220e+00 3.656469169657953433e+00
9.959999999999830322e+00 2.586071273294931583e+00 3.657997642405194760e+00
9.969999999999830109e+00 2.591233072311112107e+00 3.659520225876127242e+00
9.979999999999829896e+00 2.596405832650627854e+00 3.661037015329138278e+00
9.989999999999829683e+00 2.601589696813520813e+00 3.662548108739945185e+00
9.999999999999829470e+00 2.606784420454290707e+00 3.664053600934348953e+00
1.000999999999982926e+01 2.611929314153318860e+00 3.665553587691127824e+00
1.001999999999982904e+01 2.617084534962143660e+00 3.667047988043049767e+00
1.002999999999982883e+01 2.622249716045568224e+00 3.668536884566892642e+00
1.003999999999982862e+01 2.627425068505476524e+00 3.670020362617399279e+00
1.004999999999982840e+01 2.632610191788953280e+00 3.671498503044694495e+00
1.005999999999982819e+01 2.637745280287497884e+00 3.672971392558940007e+00
1.006999999999982798e+01 2.642889676546816169e+00 3.674438676599638853e+00
1.007999999999982776e+01 2.648043236360064778e+00 3.675900604725226728e+00
1.008999999999982755e+01 2.653205936105101692e+00 3.677357416715738125e+00
1.009999999999982734e+01 2.658377411690861614e+00 3.678809364031336848e+00
1.010999999999982712e+01 2.663421540799543852e+00 3.680256685879498058e+00
1.011999999999982691e+01 2.668475039560647133e+00 3.681699618290344311e+00
1.012999999999982670e+01 2.673536854972627719e+00 3.683138294182035644e+00
1.013999999999982649e+01 2.678608014382753755e+00 3.684572864225684086e+00
1.014999999999982627e+01 2.683688708714460081e+00 3.686003460929855091e+00
1.015999999999982606e+01 2.688723132816623007e+00 3.687430238164406848e+00
1.016999999999982585e+01 2.693766257725314084e+00 3.688853715243623821e+00
1.017999999999982563e+01 2.698818035266373538e+00 3.690274000392879561e+00
1.018999999999982542e+01 2.703878341958088960e+00 3.691691176891272352e+00
1.019999999999982521e+01 2.708947287436627605e+00 3.693105356260228067e+00
1.020999999999982499e+01 2.713970276240619928e+00 3.694516621796875455e+00
1.021999999999982478e+01 2.719001383142356953e+00 3.695925490025568472e+00
1.022999999999982457e+01 2.724040276060510912e+00 3.697332199196664781e+00
1.023999999999982435e+01 2.729087120062381633e+00 3.698737023482467023e+00
1.024999999999982414e+01 2.734136656851824387e+00 3.700140204561847668e+00
1.025999999999982393e+01 2.739093849723881924e+00 3.701542014836999961e+00
1.026999999999982371e+01 2.744058623860332613e+00 3.702943032473110296e+00
1.027999999999982350e+01 2.749030930497570413e+00 3.704343335657977132e+00
1.028999999999982329e+01 2.754010860983317155e+00 3.705742964203315282e+00
1.029999999999982307e+01 2.758998246356687556e+00 3.707141999519346420e+00
1.030999999999982286e+01 2.763946524307725028e+00 3.708540482466787136e+00
1.031999999999982265e+01 2.768899829976454896e+00 3.709944721698026360e+00
1.032999999999982244e+01 2.773817763159551308e+00 3.711354850763622260e+00
1.033999999999982222e+01 2.778739167936336685e+00 3.712771051062778049e+00
1.034999999999982201e+01 2.783644742163884800e+00 3.714193461135993246e+00
1.035999999999982180e+01 2.788510536661015671e+00 3.715622269796635013e+00
1.036999999999982158e+01 2.793380506534519636e+00 3.717053848584156217e+00
1.037999999999982137e+01 2.798254420541059773e+00 3.718488432335846472e+00
1.038999999999982116e+01 2.803132338463708795e+00 3.719926207558341691e+00
1.039999999999982094e+01 2.808014186478079210e+00 3.721367417866788152e+00
1.040999999999982073e+01 2.812647916313941288e+00 3.722812255243139745e+00
1.041999999999982052e+01 2.817288812904086281e+00 3.724257351668917693e+00
1.042999999999982030e+01 2.821936633817811568e+00 3.725702654954293980e+00
1.043999999999982009e+01 2.826591647066342361e+00 3.727148173878808368e+00
1.044999999999981988e+01 2.831253520254030320e+00 3.728593854865316803e+00
1.045999999999981966e+01 2.835750393201177832e+00 3.730039708672108656e+00
1.046999999999981945e+01 2.840248529628180751e+00 3.731494011659439280e+00
1.047999999999981924e+01 2.844748050618476576e+00 3.732956837210763545e+00
1.048999999999981902e+01 2.849248962005102026e+00 3.734428191572740197e+00
1.049999999999981881e+01 2.853751183890818499e+00 3.735908149453389004e+00
1.050999999999981860e+01 2.858122442118429252e+00 3.737396716755103654e+00
1.051999999999981839e+01 2.862494289784426993e+00 3.738891164158622882e+00
1.052999999999981817e+01 2.866867137267901100e+00 3.740391106149824729e+00
1.053999999999981796e+01 2.871240802920586699e+00 3.741896221913690201e+00
1.054999999999981775e+01 2.875615506598047766e+00 3.743406110982713475e+00
1.055999999999981753e+01 2.879903210258492496e+00 3.744920440943869888e+00
1.056999999999981732e+01 2.884179302475744056e+00 3.746462774002151885e+00
1.057999999999981711e+01 2.888443811215880341e+00 3.748033373355987852e+00
1.058999999999981689e+01 2.892690174414389137e+00 3.749632428008717877e+00
1.059999999999981668e+01 2.896904224745869616e+00 3.751260211049114446e+00
1.060999999999981647e+01 2.901402325174817332e+00 3.752915897828237757e+00
1.061999999999981625e+01 2.905885262176397532e+00 3.754606240493798541e+00
1.062999999999981604e+01 2.910353092927135510e+00 3.756331331424347386e+00
1.063999999999981583e+01 2.914805523003181964e+00 3.758091325629224322e+00
1.064999999999981561e+01 2.919242217063955369e+00 3.759886287323388476e+00
1.065999999999981540e+01 2.923634323434637583e+00 3.761716341892349824e+00
1.066999999999981519e+01 2.928028667533730367e+00 3.763560865322365778e+00
1.067999999999981497e+01 2.932424575176674431e+00 3.765420659479608911e+00
1.068999999999981476e+01 2.936834812897910485e+00 3.767296471661988555e+00
1.069999999999981455e+01 2.941247094953171715e+00 3.769189132203514259e+00
1.070999999999981434e+01 2.945568235646420341e+00 3.771099422209565954e+00
1.071999999999981412e+01 2.949891040329848391e+00 3.773028290593334333e+00
1.072999999999981391e+01 2.954215817153508450e+00 3.774975519003755942e+00
1.073999999999981370e+01 2.958543581748974916e+00 3.776940931282687153e+00
1.074999999999981348e+01 2.962876514795924621e+00 3.778924292984126243e+00
1.075999999999981327e+01 2.967130730475208367e+00 3.780925400500191991e+00
1.076999999999981306e+01 2.971387695356725089e+00 3.782943564394786851e+00
1.077999999999981284e+01 2.975646972253996214e+00 3.784978734628700270e+00
1.078999999999981263e+01 2.979908659586208319e+00 3.787030837101946990e+00
1.079999999999981242e+01 2.984172743192364141e+00 3.789099797402615266e+00
1.080999999999981220e+01 2.988360938314616799e+00 3.791185538139971722e+00
1.081999999999981199e+01 2.992551754952855969e+00 3.793288244226966643e+00
1.082999999999981178e+01 2.996745322216389784e+00 3.795407698303274291e+00
1.083999999999981156e+01 3.000941766492345675e+00 3.797543624408148411e+00
1.084999999999981135e+01 3.005141162369997065e+00 3.799695795577797686e+00
1.085999999999981114e+01 3.009219231568099229e+00 3.801933847135704259e+00
1.086999999999981092e+01 3.013281512928565498e+00 3.804256849914543270e+00
1.087999999999981071e+01 3.017356316737903832e+00 3.806561351328583864e+00
1.088999999999981050e+01 3.021436817615087200e+00 3.808881197384186290e+00
1.089999999999981029e+01 3.025523152330376497e+00 3.811216139186709650e+00
1.090999999999981007e+01 3.029554693294029377e+00 3.813565852910615561e+00
1.091999999999980986e+01 3.033592175395474655e+00 3.815928947065799548e+00
1.092999999999980965e+01 3.037627810035678166e+00 3.818305140192267633e+00
1.093999999999980943e+01 3.041668605307354945e+00 3.820694146539501457e+00
1.094999999999980922e+01 3.045709553281763071e+00 3.823095676105665586e+00
1.095999999999980901e+01 3.049710051392028110e+00 3.825509434678746601e+00
1.096999999999980879e+01 3.053702981202652822e+00 3.827933585746681189e+00
1.097999999999980858e+01 3.057702604366982158e+00 3.830368045824815493e+00
1.098999999999980837e+01 3.061709010695113697e+00 3.832812730754017405e+00
1.099999999999980815e+01 3.065722267402856360e+00 3.835267555698971709e+00
1.100999999999980794e+01 3.069705400774676463e+00 3.837732435146348209e+00
1.101999999999980773e+01 3.073695476511152158e+00 3.840206547871502618e+00
1.102999999999980751e+01 3.077689094263509340e+00 3.842689720407035381e+00
1.103999999999980730e+01 3.081689512671018871e+00 3.845181778148305529e+00
1.104999999999980709e+01 3.085696816296461975e+00 3.847682545350739947e+00
1.105999999999980687e+01 3.089681657147727023e+00 3.850191845126805124e+00
1.106999999999980666e+01 3.093634691344080423e+00 3.852706265308559974e+00
1.107999999999980645e+01 3.097596623938631222e+00 3.855224832744221342e+00
1.108999999999980623e+01 3.101567487589396599e+00 3.857747550348233023e+00
1.109999999999980602e+01 3.105547300974400571e+00 3.860274421554023228e+00
1.110999999999980581e+01 3.109489247167426917e+00 3.862805450317494227e+00
1.111999999999980560e+01 3.113437669425683119e+00 3.865341232150859341e+00
1.112999999999980538e+01 3.117383367640594649e+00 3.867881799271209342e+00
1.113999999999980517e+01 3.121334873021293976e+00 3.870427184374403584e+00
1.114999999999980496e+01 3.125358378601736487e+00 3.872977420643015201e+00
1.115999999999980474e+01 3.129376178100019779e+00 3.875532541754473037e+00
1.116999999999980453e+01 3.133403804167308238e+00 3.878091744632966797e+00
1.117999999999980432e+01 3.137441326469250669e+00 3.880654835487240550e+00
1.118999999999980410e+01 3.141495018831791608e+00 3.883221619980188777e+00
1.119999999999980389e+01 3.145557247929744449e+00 3.885791903230583877e+00
1.120999999999980368e+01 3.149616724326876227e+00 3.888365489814753939e+00
1.121999999999980346e+01 3.153683777016591083e+00 3.890942938764907488e+00
1.122999999999980325e+01 3.157747716036926278e+00 3.893524076892351804e+00
1.123999999999980304e+01 3.161818719489822183e+00 3.896108730677371845e+00
1.124999999999980282e+01 3.165889430265440119e+00 3.898696726264786694e+00
1.125999999999980261e+01 3.169937767379516380e+00 3.901287889459422065e+00
1.126999999999980240e+01 3.173976879510231441e+00 3.903882856479600871e+00
1.127999999999980218e+01 3.178028567798679926e+00 3.906482449662898482e+00
1.128999999999980197e+01 3.182088847105843055e+00 3.909086773009107674e+00
1.129999999999980176e+01 3.186157438252311458e+00 3.911695931809087590e+00
1.130999999999980155e+01 3.190225772227233136e+00 3.914310032694028774e+00
1.131999999999980133e+01 3.194301839115941455e+00 3.916929640940880031e+00
1.132999999999980112e+01 3.198385698454668358e+00 3.919554635839916035e+00
1.133999999999980091e+01 3.202477402954300167e+00 3.922184896132254295e+00
1.134999999999980069e+01 3.206577012427987317e+00 3.924820300008368346e+00
1.135999999999980048e+01 3.210676011226837989e+00 3.927460725106576067e+00
1.136999999999980027e+01 3.214782554366513612e+00 3.930105518236052919e+00
1.137999999999980005e+01 3.218896689799277233e+00 3.932754546649829042e+00
1.138999999999979984e+01 3.223018475972442953e+00 3.935407677227163337e+00
1.139999999999979963e+01 3.227147959049635695e+00 3.938064776463186423e+00
1.140999999999979941e+01 3.231284632173107241e+00 3.940725710458391706e+00
1.141999999999979920e+01 3.235427920572326865e+00 3.943391884091639987e+00
1.142999999999979899e+01 3.239590323976116792e+00 3.946063493501562380e+00
1.143999999999979877e+01 3.243758236177703314e+00 3.948740736680415253e+00
1.144999999999979856e+01 3.247917623968366474e+00 3.951423813563614829e+00
1.145999999999979835e+01 3.252061566801093484e+00 3.954111174326326417e+00
1.146999999999979813e+01 3.256215550879928866e+00 3.956800554984921003e+00
1.147999999999979792e+01 3.260376730702882586e+00 3.959491960528889631e+00
1.148999999999979771e+01 3.264545117264637142e+00 3.962185396010779126e+00
1.149999999999979750e+01 3.268720716982142172e+00 3.964880866546493188e+00
1.150999999999979728e+01 3.272899119757452624e+00 3.967578377315600147e+00
1.151999999999979707e+01 3.277084275293918658e+00 3.970277341560390028e+00
1.152999999999979686e+01 3.281276188831578899e+00 3.972977794208916613e+00
1.153999999999979664e+01 3.285474861625939713e+00 3.975679770351322251e+00
1.154999999999979643e+01 3.289680299243441297e+00 3.978383305249427515e+00
1.155999999999979622e+01 3.293888306853448356e+00 3.981088434346402583e+00
1.156999999999979600e+01 3.298107289956844657e+00 3.983795966280870182e+00
1.157999999999979579e+01 3.302331145877109186e+00 3.986505719769839917e+00
1.158999999999979558e+01 3.306554100945388264e+00 3.989217513731797116e+00
1.159999999999979536e+01 3.310785601073977347e+00 3.991931167294040517e+00
1.160999999999979515e+01 3.315035078926689582e+00 3.994646499800003081e+00
1.161999999999979494e+01 3.319291175914549807e+00 3.997364141082314415e+00
1.162999999999979472e+01 3.323598916431299788e+00 4.000084148408568296e+00
1.163999999999979451e+01 3.327807679735738766e+00 4.002806571158899374e+00
1.164999999999979430e+01 3.332068883529198278e+00 4.005531170900805904e+00
1.165999999999979408e+01 3.336334244997821052e+00 4.008257923175873927e+00
1.166999999999979387e+01 3.340606252193086600e+00 4.010985862666541557e+00
1.167999999999979366e+01 3.344884913450583142e+00 4.013715007759604880e+00
1.168999999999979345e+01 3.349170239419740902e+00 4.016445376961824465e+00
1.169999999999979323e+01 3.353462238465521050e+00 4.019176988904649583e+00
1.170999999999979302e+01 3.357758982994611063e+00 4.021909862348985065e+00
1.171999999999979281e+01 3.362061938248333437e+00 4.024644935214991115e+00
1.172999999999979259e+01 3.366371128865344176e+00 4.027382153689266886e+00
1.173999999999979238e+01 3.370686575480814184e+00 4.030121464139731380e+00
1.174999999999979217e+01 3.375008302826804307e+00 4.032862813111577793e+00
1.175999999999979195e+01 3.379334776146686981e+00 4.035606147323251847e+00
1.176999999999979174e+01 3.383667223516994671e+00 4.038350820525284490e+00
1.177999999999979153e+01 3.388005654637948449e+00 4.041096854709817165e+00
1.178999999999979131e+01 3.392350084279037503e+00 4.043844271965738812e+00
1.179999999999979110e+01 3.396700522670065947e+00 4.046593094483030839e+00
1.180999999999979089e+01 3.401055698419842788e+00 4.049343344557146729e+00
1.181999999999979067e+01 3.405395891459347624e+00 4.052095599654137459e+00
1.182999999999979046e+01 3.409735703881795921e+00 4.054851618355037601e+00
1.183999999999979025e+01 3.414081635210193699e+00 4.057611885178119771e+00
1.184999999999979003e+01 3.418440227092107708e+00 4.060376296918253303e+00
1.185999999999978982e+01 3.422802290694550997e+00 4.063149405566201189e+00
1.186999999999978961e+01 3.427191249346913438e+00 4.065922059223230356e+00
1.187999999999978940e+01 3.431585791903731586e+00 4.068699199962583002e+00
1.188999999999978918e+01 3.435965166623337286e+00 4.071705942380158483e+00
1.189999999999978897e+01 3.440393342796365772e+00 4.074340106562512887e+00
1.190999999999978876e+01 3.444868596365441515e+00 4.076600106279660629e+00
1.191999999999978854e+01 3.449348622158279198e+00 4.078864936478029612e+00
1.192999999999978833e+01 3.453833832738712584e+00 4.081134700687127470e+00
1.193999999999978812e+01 3.458323367081309385e+00 4.083409278195908598e+00
1.194999999999978790e+01 3.462816704882453855e+00 4.085688770019959115e+00
1.195999999999978769e+01 3.467315534539279653e+00 4.087973073412794811e+00
1.196999999999978748e+01 3.471818076865166525e+00 4.090262096682066861e+00
1.197999999999978726e+01 3.476324358146082538e+00 4.092555730126422375e+00
1.198999999999978705e+01 3.480834386734156016e+00 4.094854044786911729e+00
1.199999999999978684e+01 3.485348257509963243e+00 4.097156254291058453e+00
1.200999999999978662e+01 3.489867325365064943e+00 4.099462408996563667e+00
1.201999999999978641e+01 3.494374706461143010e+00 4.101772200283998693e+00
1.202999999999978620e+01 3.498881458443412029e+00 4.104085156613114904e+00
1.203999999999978598e+01 3.503392368032828053e+00 4.106401051886617637e+00
1.204999999999978577e+01 3.507908567838314617e+00 4.108719802117849262e+00
1.205999999999978556e+01 3.512430184281512879e+00 4.111041323612605325e+00
1.206999999999978535e+01 3.516963086334391253e+00 4.113366306378048343e+00
1.207999999999978513e+01 3.521500251005802440e+00 4.115694766670368487e+00
1.208999999999978492e+01 3.526047821123537762e+00 4.118026721064224738e+00
1.209999999999978471e+01 3.530600482526381700e+00 4.120362186408377703e+00
1.210999999999978449e+01 3.535160146174090023e+00 4.122701179977420693e+00
1.211999999999978428e+01 3.539724702044502180e+00 4.125043296035028284e+00
1.212999999999978407e+01 3.544294200069521672e+00 4.127388448215739913e+00
1.213999999999978385e+01 3.548868694326342776e+00 4.129736550765448655e+00
1.214999999999978364e+01 3.553448225987382081e+00 4.132087518601148979e+00
1.215999999999978343e+01 3.558035727367051315e+00 4.134441267139405518e+00
1.216999999999978321e+01 3.562628004190867337e+00 4.136798956820951112e+00
1.217999999999978300e+01 3.567225080941731630e+00 4.139160664511797982e+00
1.218999999999978279e+01 3.571826986621710276e+00 4.141526467532050226e+00
1.219999999999978257e+01 3.576433747720283662e+00 4.143896443740991309e+00
1.220999999999978236e+01 3.581049146537087502e+00 4.146270671492470861e+00
1.221999999999978215e+01 3.585670628757229306e+00 4.148647975947155508e+00
1.222999999999978193e+01 3.590291944439399696e+00 4.151028339617161222e+00
1.223999999999978172e+01 3.594906472347164872e+00 4.153411780827021893e+00
1.224999999999978151e+01 3.599527482768151376e+00 4.155798360050489748e+00
1.225999999999978129e+01 3.604155717138689319e+00 4.158188103743178488e+00
1.226999999999978108e+01 3.608787741561553020e+00 4.160581510088471546e+00
1.227999999999978087e+01 3.613423558384898371e+00 4.162978737434174903e+00
1.228999999999978066e+01 3.618063171924906563e+00 4.165379945116102434e+00
1.229999999999978044e+01 3.622706585594569262e+00 4.167785293191577978e+00
1.230999999999978023e+01 3.627356882529031434e+00 4.170194942299455754e+00
1.231999999999978002e+01 3.632010795002354353e+00 4.172609829744000187e+00
1.232999999999977980e+01 3.636668374810513527e+00 4.175029614987670001e+00
1.233999999999977959e+01 3.641329670955172571e+00 4.177453956905790911e+00
1.234999999999977938e+01 3.646074587130003763e+00 4.178928979275520206e+00
1.235999999999977916e+01 3.651382523948536907e+00 4.173688837996571976e+00
1.236999999999977895e+01 3.656052837740916495e+00 4.176125049695295743e+00
1.237999999999977874e+01 3.660726694074247334e+00 4.178564686243362303e+00
1.238999999999977852e+01 3.665927825098516113e+00 4.174470019134366439e+00
1.239999999999977831e+01 3.670603726973209024e+00 4.176916413529201400e+00
1.240999999999977810e+01 3.675288224314568808e+00 4.179366521352631203e+00
1.241999999999977788e+01 3.680852457552191481e+00 4.170496493687428696e+00
1.242999999999977767e+01 3.685535232665363647e+00 4.172954990426439359e+00
1.243999999999977746e+01 3.690221369275599628e+00 4.175418287185242328e+00
1.244999999999977724e+01 3.694910898276728695e+00 4.177886265998782989e+00
1.245999999999977703e+01 3.699889570744137046e+00 4.176569754223571351e+00
1.246999999999977682e+01 3.704588671673538780e+00 4.179045753612480318e+00
1.247999999999977661e+01 3.710089158516260088e+00 4.170489209472942882e+00
1.248999999999977639e+01 3.714806209478453525e+00 4.172972250296187902e+00
1.249999999999977618e+01 3.719526049133343726e+00 4.175458777884806238e+00
1.250999999999977597e+01 3.724259927220804567e+00 4.177948700885122157e+00
1.251999999999977575e+01 3.729323572297947642e+00 4.175733382910757463e+00
1.252999999999977554e+01 3.734060843155512011e+00 4.178232360539746004e+00
1.253999999999977533e+01 3.739264200095564927e+00 4.173887632796633440e+00
1.254999999999977511e+01 3.744003325033836926e+00 4.176395311198453975e+00
1.255999999999977490e+01 3.748752816134515609e+00 4.178907902605461189e+00
1.256999999999977469e+01 3.754295741063684577e+00 4.169270273644055003e+00
1.257999999999977447e+01 3.759043200481756219e+00 4.171791648899714211e+00
1.258999999999977426e+01 3.763799065028279767e+00 4.174318511433603440e+00
1.259999999999977405e+01 3.768557394505883007e+00 4.176850734097897977e+00
1.260999999999977383e+01 3.773327076946284553e+00 4.179388190915076962e+00
1.261999999999977362e+01 3.779150023354428622e+00 4.164876873003606761e+00
1.262999999999977341e+01 3.783915664215947494e+00 4.167422624976522272e+00
1.263999999999977319e+01 3.788683638297962286e+00 4.169973385835576529e+00
1.264999999999977298e+01 3.793453956884480061e+00 4.172529140326719954e+00
1.265999999999977277e+01 3.798233923974457138e+00 4.175089875115740590e+00
1.266999999999977256e+01 3.803017455976580141e+00 4.177656069659685834e+00
1.267999999999977234e+01 3.808015645077797995e+00 4.176584501043397069e+00
1.268999999999977213e+01 3.812819040877179155e+00 4.179161204726783652e+00
1.269999999999977192e+01 3.818610503055015482e+00 4.164493391895971008e+00
1.270999999999977170e+01 3.823419596766637341e+00 4.167078430276353274e+00
1.271999999999977149e+01 3.828230988903248644e+00 4.169668914271214888e+00
1.272999999999977128e+01 3.833044700491702983e+00 4.172264740897897894e+00
1.273999999999977106e+01 3.837860751533528347e+00 4.174865810291860768e+00
1.274999999999977085e+01 3.842679162891954547e+00 4.177472020396510111e+00
1.275999999999977064e+01 3.847632122889016237e+00 4.177798743786699021e+00
1.276999999999977042e+01 3.852758070324720396e+00 4.174877111011652708e+00
1.277999999999977021e+01 3.857588781219785545e+00 4.177499210607293456e+00
1.278999999999977000e+01 3.862559932691270514e+00 4.177476552079276928e+00
1.279999999999976978e+01 3.867520345090086575e+00 4.177657916691921436e+00
1.280999999999976957e+01 3.872586904868782209e+00 4.175930977197705118e+00
1.281999999999976936e+01 3.877431152495862676e+00 4.178572704344495570e+00
1.282999999999976914e+01 3.882986324493185037e+00 4.167005437498873199e+00
1.283999999999976893e+01 3.887829412205058066e+00 4.169652401811425158e+00
1.284999999999976872e+01 3.892685937464701595e+00 4.172302746132828588e+00
1.285999999999976851e+01 3.897552964926153329e+00 4.174956390199386469e+00
1.286999999999976829e+01 3.902421866270473050e+00 4.177632647388547227e+00
1.287999999999976808e+01 3.907503701039011901e+00 4.175873735203228243e+00
1.288999999999976787e+01 3.912373151352289913e+00 4.178594345137227606e+00
1.289999999999976765e+01 3.917970114206636101e+00 4.165686585745036474e+00
1.290999999999976744e+01 3.922837344296652873e+00 4.168453724424209028e+00
1.291999999999976723e+01 3.927704904786236018e+00 4.171262203161249182e+00
1.292999999999976701e+01 3.932572881263151743e+00 4.174111364459625939e+00
1.293999999999976680e+01 3.937441358370574740e+00 4.177000545945827703e+00
1.294999999999976659e+01 3.942310414919103945e+00 4.179929081609452979e+00
1.295999999999976637e+01 3.948570243526091872e+00 4.150980381997630531e+00
1.296999999999976616e+01 3.953434053036716911e+00 4.153999125980829099e+00
1.297999999999976595e+01 3.958327716078837266e+00 4.157050241808561530e+00
1.298999999999976573e+01 3.963261616218899164e+00 4.160133083591266434e+00
1.299999999999976552e+01 3.968196368479363301e+00 4.163247008609123334e+00
1.300999999999976531e+01 3.973140098481476201e+00 4.166391375178018386e+00
1.301999999999976509e+01 3.978084948067285520e+00 4.169557923155169377e+00
1.302999999999976488e+01 3.983034350153574987e+00 4.172746338216976270e+00
1.303999999999976467e+01 3.987984932538505056e+00 4.175956316443980576e+00
1.304999999999976446e+01 3.992940155826913529e+00 4.179187551716335491e+00
1.305999999999976424e+01 3.998697329304976567e+00 4.156306982023203922e+00
1.306999999999976403e+01 4.003658188453774969e+00 4.159599732998857213e+00
1.307999999999976382e+01 4.008620282119531808e+00 4.162908431383838703e+00
1.308999999999976360e+01 4.013587118318449498e+00 4.166232813789515710e+00
1.309999999999976339e+01 4.018555231614050705e+00 4.169572619957038206e+00
1.310999999999976318e+01 4.023538247223089392e+00 4.172927588642584062e+00
1.311999999999976296e+01 4.028522749857065044e+00 4.176290772193859802e+00
1.312999999999976275e+01 4.033512275586886631e+00 4.179661986063122114e+00
1.313999999999976254e+01 4.039472955772183127e+00 4.148418273716550253e+00
1.314999999999976232e+01 4.044463399815549032e+00 4.151840321562461966e+00
1.315999999999976211e+01 4.049462211778958043e+00 4.155270121561948748e+00
1.316999999999976190e+01 4.054466273770922946e+00 4.158701019839138091e+00
1.317999999999976168e+01 4.059472033569074156e+00 4.162132974289077580e+00
1.318999999999976147e+01 4.064483054626523817e+00 4.165565945803631820e+00
1.319999999999976126e+01 4.069495778294239585e+00 4.168999898420664429e+00
1.320999999999976104e+01 4.074528550135920746e+00 4.172434788635763780e+00
1.321999999999976083e+01 4.079563001880770479e+00 4.175864073666097021e+00
1.322999999999976062e+01 4.084602693415332553e+00 4.179287699342334683e+00
1.323999999999976040e+01 4.090449313558428557e+00 4.151228444682636187e+00
1.324999999999976019e+01 4.095487665463845239e+00 4.154673610225858127e+00
1.325999999999975998e+01 4.100544526562838854e+00 4.158113322034886039e+00
1.326999999999975977e+01 4.105606770152317786e+00 4.161538857095002264e+00
1.327999999999975955e+01 4.110670818758967116e+00 4.164950854756932941e+00
1.328999999999975934e+01 4.115740187084250046e+00 4.168349951474185744e+00
1.329999999999975913e+01 4.120811313393242692e+00 4.171736765165944050e+00
1.330999999999975891e+01 4.125906437890866307e+00 4.175111913319626389e+00
1.331999999999975870e+01 4.131003197555682682e+00 4.178470364268823012e+00
1.332999999999975849e+01 4.136580189189269952e+00 4.161686465941491164e+00
1.333999999999975827e+01 4.141679454046077069e+00 4.165023954281338980e+00
1.334999999999975806e+01 4.146783798434733548e+00 4.168345134447522859e+00
1.335999999999975785e+01 4.151910739160444841e+00 4.171650324021028311e+00
1.336999999999975763e+01 4.157043219129135103e+00 4.174933193451630054e+00
1.337999999999975742e+01 4.162177771875268384e+00 4.178194056337688700e+00
1.338999999999975721e+01 4.167678679140148112e+00 4.165169269707660327e+00
1.339999999999975699e+01 4.172816445449941902e+00 4.168393820067568534e+00
1.340999999999975678e+01 4.177984610069139570e+00 4.171596923352420383e+00
1.341999999999975657e+01 4.183154646645823149e+00 4.174767748027414349e+00
1.342999999999975635e+01 4.188329843116663120e+00 4.177907204970433774e+00
1.343999999999975614e+01 4.193755853874240991e+00 4.169234732401210231e+00
1.344999999999975593e+01 4.198935564734467718e+00 4.172313648467149250e+00
1.345999999999975572e+01 4.204145248132503454e+00 4.175362561897011382e+00
1.346999999999975550e+01 4.209359638960584959e+00 4.178385129168599832e+00
1.347999999999975529e+01 4.214999436450992398e+00 4.160619335845698430e+00
1.348999999999975508e+01 4.220216476576920783e+00 4.163584666842921500e+00
1.349999999999975486e+01 4.225434954725897363e+00 4.166523925159759223e+00
1.350999999999975465e+01 4.230674685119463874e+00 4.169437526080170819e+00
1.351999999999975444e+01 4.235915858265740574e+00 4.172347441442807003e+00
1.352999999999975422e+01 4.241161520262731521e+00 4.175253601460002351e+00
1.353999999999975401e+01 4.246408623439930530e+00 4.178155928660201468e+00
1.354999999999975380e+01 4.251988231371321980e+00 4.163610146774542109e+00
1.355999999999975358e+01 4.257245586336982690e+00 4.166499719163489601e+00
1.356999999999975337e+01 4.262506817902141698e+00 4.169393277116785868e+00
1.357999999999975316e+01 4.267769022361512121e+00 4.172290727398844545e+00
1.358999999999975294e+01 4.273035037210099141e+00 4.175191986896980900e+00
1.359999999999975273e+01 4.278302034094704887e+00 4.178096964044205386e+00
1.360999999999975252e+01 4.283878786285336915e+00 4.164005725150585313e+00
1.361999999999975230e+01 4.289153577325969913e+00 4.166912316034117936e+00
1.362999999999975209e+01 4.294431907872317211e+00 4.169820397423226410e+00
1.363999999999975188e+01 4.299711104214936519e+00 4.172730032959591995e+00
1.364999999999975167e+01 4.304993756027173823e+00 4.175641293277858601e+00
1.365999999999975145e+01 4.310285678005865151e+00 4.178554242336548263e+00
1.366999999999975124e+01 4.316028975002711654e+00 4.154368045879353488e+00
1.367999999999975103e+01 4.321319823420816775e+00 4.157278135765402283e+00
1.368999999999975081e+01 4.326614268572190447e+00 4.160190141121111296e+00
1.369999999999975060e+01 4.331909896244502178e+00 4.163104104858843968e+00
1.370999999999975039e+01 4.337217278563782585e+00 4.166020071676381775e+00
1.371999999999975017e+01 4.342525359522084294e+00 4.168938302715019972e+00
1.372999999999974996e+01 4.347836372289854978e+00 4.171858709700245527e+00
1.373999999999974975e+01 4.353148089337305571e+00 4.174781213772599919e+00
1.374999999999974953e+01 4.358462648938910888e+00 4.177705730313135746e+00
1.375999999999974932e+01 4.363939110662694354e+00 4.170417066615023316e+00
1.376999999999974911e+01 4.369263979718432722e+00 4.173343280645191555e+00
1.377999999999974889e+01 4.374589877014598116e+00 4.176271365033731087e+00
1.378999999999974868e+01 4.379918748852643873e+00 4.179201248433700222e+00
1.379999999999974847e+01 4.385851898167541840e+00 4.138180351895409892e+00
1.380999999999974825e+01 4.391187215926668941e+00 4.141105708658173512e+00
1.381999999999974804e+01 4.396523094191527647e+00 4.144032323937305584e+00
1.382999999999974783e+01 4.401861287491621866e+00 4.146960090152233214e+00
1.383999999999974762e+01 4.407200045666523458e+00 4.149888895320122728e+00
1.384999999999974740e+01 4.412537193307748851e+00 4.152818634339599413e+00
1.385999999999974719e+01 4.417884589523132455e+00 4.155749107648866847e+00
1.386999999999974698e+01 4.423234418316466687e+00 4.158681206517911733e+00
1.387999999999974676e+01 4.428585123948359126e+00 4.161614754502071634e+00
1.388999999999974655e+01 4.433938172840345082e+00 4.164549575223105649e+00
1.389999999999974634e+01 4.439292104333758537e+00 4.167485501547255389e+00
1.390999999999974612e+01 4.444652612063207719e+00 4.170422353857280662e+00
1.391999999999974591e+01 4.450013685854719903e+00 4.173360010521898644e+00
1.392999999999974570e+01 4.455376602530522590e+00 4.176298489773227374e+00
1.393999999999974548e+01 4.460740085801881527e+00 4.179237804922848909e+00
1.394999999999974527e+01 4.466669043547565998e+00 4.133000262280321913e+00
1.395999999999974506e+01 4.472041148323043558e+00 4.135937124509868390e+00
1.396999999999974484e+01 4.477415070125299046e+00 4.138875342626990417e+00
1.397999999999974463e+01 4.482789710384023962e+00 4.141814929550167612e+00
1.398999999999974442e+01 4.488166082459636996e+00 4.144755905259498441e+00
1.399999999999974420e+01 4.493543173591278972e+00 4.147698286595218775e+00
1.400999999999974399e+01 4.498927794387677537e+00 4.150642088013112740e+00
1.401999999999974378e+01 4.504309854463460994e+00 4.153587493022949495e+00
1.402999999999974357e+01 4.509693324191348829e+00 4.156534158140706481e+00
1.403999999999974335e+01 4.515077354500794726e+00 4.159481992518512250e+00
1.404999999999974314e+01 4.520462720784326649e+00 4.162430914935961290e+00
1.405999999999974293e+01 4.525854471634946030e+00 4.165380842629823555e+00
1.406999999999974271e+01 4.531247649183762327e+00 4.168331255867153473e+00
1.407999999999974250e+01 4.536641553138717420e+00 4.171281992953064233e+00
1.408999999999974229e+01 4.542036818480151616e+00 4.174232902236508558e+00
1.409999999999974207e+01 4.547432812880243702e+00 4.177183829696319961e+00
1.410999999999974186e+01 4.552837391584890980e+00 4.180134621798794470e+00
1.411999999999974165e+01 4.558885720007070042e+00 4.111965876412711829e+00
1.412999999999974143e+01 4.564288124578951944e+00 4.114909570395819394e+00
1.413999999999974122e+01 4.569691079977613590e+00 4.117854953616391533e+00
1.414999999999974101e+01 4.575095043301591780e+00 4.120801994451628758e+00
1.415999999999974079e+01 4.580504945564157104e+00 4.123750658263976909e+00
1.416999999999974058e+01 4.585915806375925996e+00 4.126700626142333128e+00
1.417999999999974037e+01 4.591327219010065797e+00 4.129651875491178181e+00
1.418999999999974015e+01 4.596739546352954342e+00 4.132604381726581622e+00
1.419999999999973994e+01 4.602152425986094642e+00 4.135558124206279551e+00
1.420999999999973973e+01 4.607572905809739439e+00 4.138513080460739957e+00
1.421999999999973952e+01 4.612993931254723456e+00 4.141469652232626864e+00
1.422999999999973930e+01 4.618415791301197615e+00 4.144428010635478721e+00
1.423999999999973909e+01 4.623838194838985061e+00 4.147388323086158124e+00
1.424999999999973888e+01 4.629260931991757921e+00 4.150350751456781673e+00
1.425999999999973866e+01 4.634686163394778902e+00 4.153315211928481077e+00
1.426999999999973845e+01 4.640112349630962640e+00 4.156279770248954897e+00
1.427999999999973824e+01 4.645539251419769755e+00 4.159244270602448168e+00
1.428999999999973802e+01 4.650967092736999930e+00 4.162208569524074697e+00
1.429999999999973781e+01 4.656395650497473504e+00 4.165172522979181835e+00
1.430999999999973760e+01 4.661831723460742261e+00 4.168135992437892234e+00
1.431999999999973738e+01 4.667268040911721982e+00 4.171097752286702764e+00
1.432999999999973717e+01 4.672704810600660785e+00 4.174057768734179774e+00
1.433999999999973696e+01 4.678141824316960573e+00 4.177016007541146436e+00
1.434999999999973674e+01 4.683579290756611613e+00 4.179972433896753436e+00
1.435999999999973653e+01 4.689564052682149153e+00 4.100000001570734298e+00
1.436999999999973632e+01 4.695002834189228480e+00 4.102950436571992654e+00
1.437999999999973610e+01 4.700442150172973399e+00 4.105902477839247666e+00
1.438999999999973589e+01 4.705882229061251643e+00 4.108856120388600708e+00
1.439999999999973568e+01 4.711322842564361402e+00 4.111811359318228831e+00
1.440999999999973546e+01 4.716772798074575945e+00 4.114768193683191022e+00
1.441999999999973525e+01 4.722222970404266640e+00 4.117725955831207152e+00
1.442999999999973504e+01 4.727673628919947468e+00 4.120684760533253055e+00
1.443999999999973483e+01 4.733124503030001762e+00 4.123644718651141794e+00
1.444999999999973461e+01 4.738575891179177546e+00 4.126605936220533621e+00
1.445999999999973440e+01 4.744033071578281913e+00 4.129568524493586246e+00
1.446999999999973419e+01 4.749491112206014165e+00 4.132532474222934127e+00
1.447999999999973397e+01 4.754949679429805620e+00 4.135497880306924223e+00
1.448999999999973376e+01 4.760409145236462081e+00 4.138464834790317681e+00
1.449999999999973355e+01 4.765869136901992320e+00 4.141433424937647878e+00
1.450999999999973333e+01 4.771334511316562832e+00 4.144403747928729231e+00
1.451999999999973312e+01 4.776799933584182867e+00 4.147375846179317094e+00
1.452999999999973291e+01 4.782265487537630477e+00 4.150349735845294319e+00
1.453999999999973269e+01 4.787728494298758797e+00 4.153324981387290116e+00
1.454999999999973248e+01 4.793192564771147524e+00 4.156298100742690238e+00
1.455999999999973227e+01 4.798664660990560549e+00 4.159269060720309774e+00
1.456999999999973205e+01 4.804137557538709302e+00 4.162237505130653048e+00
1.457999999999973184e+01 4.809610679271476563e+00 4.165203314148834934e+00
1.458999999999973163e+01 4.815084662869355547e+00 4.168166376095163272e+00
1.459999999999973141e+01 4.820558872166901487e+00 4.171126567179596734e+00
1.460999999999973120e+01 4.826038627354271249e+00 4.174083779536474026e+00
1.461999999999973099e+01 4.831518758839063565e+00 4.177038539731004363e+00
1.462999999999973078e+01 4.837000034942720461e+00 4.179990835017283857e+00
1.463999999999973056e+01 4.842895125979761239e+00 4.081610232073501265e+00
1.464999999999973035e+01 4.848377493710929187e+00 4.084546097254634134e+00
1.465999999999973014e+01 4.853864035856132020e+00 4.087482462651008674e+00
1.466999999999972992e+01 4.859351694496687912e+00 4.090418729257029540e+00
1.467999999999972971e+01 4.864839556066788973e+00 4.093354888450056350e+00
1.468999999999972950e+01 4.870328610380171064e+00 4.096290950465844460e+00
1.469999999999972928e+01 4.875817868196129723e+00 4.099226917673208348e+00
1.470999999999972907e+01 4.881314838797084832e+00 4.102162787267820576e+00
1.471999999999972886e+01 4.886811335422507341e+00 4.105101018269520452e+00
1.472999999999972864e+01 4.892309015143377238e+00 4.108041921172064015e+00
1.473999999999972843e+01 4.897806732242160344e+00 4.110985551433049778e+00
1.474999999999972822e+01 4.903305714195457021e+00 4.113931966346749292e+00
1.475999999999972800e+01 4.908808263359553337e+00 4.116881217575911300e+00
1.476999999999972779e+01 4.914312472437096346e+00 4.119832215383824270e+00
1.477999999999972758e+01 4.919817034232524477e+00 4.122784930294688621e+00
1.478999999999972736e+01 4.925323339586152649e+00 4.125739321620328859e+00
1.479999999999972715e+01 4.930829999522489793e+00 4.128695359638216544e+00
1.480999999999972694e+01 4.936344236125276730e+00 4.131653007012967116e+00
1.481999999999972673e+01 4.941858667803349370e+00 4.134612796143968261e+00
1.482999999999972651e+01 4.947374849486812387e+00 4.137574651876048115e+00
1.483999999999972630e+01 4.952891228753488306e+00 4.140538488399612582e+00
1.484999999999972609e+01 4.958409441849098265e+00 4.143504228600995098e+00
1.485999999999972587e+01 4.963933111663248354e+00 4.146471801371093058e+00
1.486999999999972566e+01 4.969458692302869629e+00 4.149442042464738023e+00
1.487999999999972545e+01 4.974982376324685873e+00 4.152415010623938585e+00
1.488999999999972523e+01 4.980507424934637939e+00 4.155391374203654564e+00
1.489999999999972502e+01 4.986032513562976831e+00 4.158371218735567254e+00
1.490999999999972481e+01 4.991564345303134864e+00 4.161354489424573089e+00
1.491999999999972459e+01 4.997096689940553560e+00 4.164340008359553202e+00
1.492999999999972438e+01 5.002631496656527510e+00 4.167327996981944338e+00
1.493999999999972417e+01 5.008166817850181474e+00 4.170318650867996801e+00
1.494999999999972395e+01 5.013704676897417833e+00 4.173312169304913333e+00
1.495999999999972374e+01 5.019245602834276454e+00 4.176308760428057099e+00
1.496999999999972353e+01 5.024788824453365166e+00 4.179308636719138548e+00
1.497999999999972331e+01 5.030538939864177550e+00 4.070218979718897678e+00
1.498999999999972310e+01 5.036083283080804662e+00 4.073058605324906267e+00
